13.3     12.109
17.4     12.488
 6.7     46.788
13.8      9.097
 7.3     26.845
12.5      8.178
 8.2    182.273
10.3     18.640
 8.9     18.011
 7.2    308.621
 6.3     26.158
 8.9      6.549
 3.8    257.673
 3.6    280.530
 3.1     27.991
11.7     10.473
 5.0     43.080
16.7      3.152
 5.1     11.812
10.1      9.722
 8.1     18.617
24.3     13.606
 5.7     30.308
 7.5      6.591
10.4      3.130
18.1      3.111
17.1      8.352
13.2     15.047
18.0      1.563
 2.2     10.573
12.0      8.734
18.4     13.951
10.3      4.157
13.0      3.665
 4.9     68.871
20.7      0.714
 8.2     66.429
11.1     10.908
