1948    1858    1875
1949    1877    1909
1950    1917    1957
1951    1892    1932
1952    1887    1964
1953    1963    2051
1954    2037    2110
1955    2117    2201
1956    2126    2248
1957    2160    2273
1958    2203    2298
1959    2285    2402
1960    2354    2538
1961    2386    2623
1962    2418    2628
1963    2513    2724
1964    2573    2820
1965    2595    2859
1966    2627    2907
1967    2676    2934
1968    2738    2971
1969    2742    2986
1970    2813    3093
1971    2889    3117
1972    3062    3369
1973    3216    3576
1974    3169    3547
1975    3157    3564
1976    3171    3551
1977    3159    3476
1978    3338    3736
1979    3478    3947
1980    3477    4003
1981    3478    3975
1982    3516    3969
1983    3676    4076
1984    3727    4165
1985    3849    4263
1986    4082    4444
1987    4286    4589
1988    4584    4847
1989    4744    5084
