105.200     36     0     0     0     0     0     0
 91.300     30     0     0     0     0     0     0
 72.500     29     0     0     0     0     0     0
 74.300     28     0     0     0     0     0     0
103.500     26     0     0     0     0     0     0
117.500     26     0     0     0     0     0     0
 64.200     25     0     0     0     0     0     0
 86.700     25     0     0     0     0     0     0
 81.500     23     0     0     0     0     0     0
 98.000     20     0     0     0     0     0     0
 91.200     19     0     0     0     0     0     0
 91.300     19     0     0     0     0     0     0
 93.100     17     0     0     0     0     0     0
 83.000     16     0     0     0     0     0     0
 80.000     12     0     0     0     0     0     0
 55.900     19     0     0     0     0     0     0
 66.000     14     0     0     0     0     0     0
 60.600     10     0     0     0     0     0     0
 56.500     10     0     0     0     0     0     0
 53.900      8     0     0     0     0     0     0
 56.500      8     0     0     0     0     0     0
 43.900     10     0     0     0     0     0     0
 48.000      8     0     0     0     0     0     0
 48.000      8     0     0     0     0     0     0
 47.900      5     0     0     0     0     0     0
 48.200      4     0     0     0     0     0     0
 55.000      3     0     0     0     0     0     0
 53.000      3     0     0     0     0     0     0
 52.000      1     0     0     0     0     0     0
100.600     29     1     0     0     0     0     0
 78.200     18     1     0     0     0     0     0
128.100     17     1     0     0     0     0     0
100.400     30     1     0     0     0     0     0
 58.100     22     1     0     0     0     0     0
108.500     18     1     0     0     0     0     0
 75.300     14     1     0     0     0     0     0
 72.200     29     1     0     0     0     0     0
 78.300     24     1     0     0     0     0     0
114.400     33     1     0     0     0     0     0
 94.900     16     1     0     0     0     0     0
 88.000     31     1     0     0     0     0     0
 98.200     13     1     0     0     0     0     0
 63.600     21     1     0     0     0     0     0
 86.000     10     1     0     0     0     0     0
 80.000     10     1     0     0     0     0     0
 90.100     12     1     0     0     0     0     0
 78.300     29     1     0     0     0     0     0
 66.300     14     1     0     0     0     0     0
 91.300     27     1     0     0     0     0     0
129.000     32     1     0     0     0     0     0
104.000     15     1     0     0     0     0     0
 55.300     23     1     0     0     0     0     0
 51.300      7     1     0     0     0     0     0
 53.000      2     1     0     0     0     0     0
 52.000      3     1     0     0     0     0     0
 55.000      6     1     0     0     0     0     0
 52.400      3     1     0     0     0     0     0
128.000     20     0     1     0     0     0     0
 60.400     25     0     1     0     0     0     0
 78.200     13     0     1     0     0     0     0
135.000     45     0     1     0     0     0     0
 78.300     25     0     1     0     0     0     0
104.000     30     0     1     0     0     0     0
108.000     14     0     1     0     0     0     0
 73.000     25     0     1     0     0     0     0
 98.000     23     0     1     0     0     0     0
 97.400     42     0     1     0     0     0     0
 80.000     13     0     1     0     0     0     0
 72.200     34     0     1     0     0     0     0
 98.000     25     0     1     0     0     0     0
 75.000     13     0     1     0     0     0     0
 70.000      7     0     1     0     0     0     0
 70.000      9     0     1     0     0     0     0
 65.000      7     0     1     0     0     0     0
 70.000      9     0     1     0     0     0     0
 53.000      2     0     1     0     0     0     0
 55.000      6     0     1     0     0     0     0
 47.800      9     0     1     0     0     0     0
 51.000      5     0     1     0     0     0     0
 55.000      5     0     1     0     0     0     0
 52.500      2     0     1     0     0     0     0
 50.500      4     0     1     0     0     0     0
 50.500      4     0     1     0     0     0     0
 50.000      3     0     1     0     0     0     0
 84.400     17     0     0     1     0     0     0
 74.600     27     0     0     1     0     0     0
108.300     37     0     0     1     0     0     0
 82.200     12     0     0     1     0     0     0
 91.500     19     0     0     1     0     0     0
 83.800     25     0     0     1     0     0     0
 80.100     36     0     0     1     0     0     0
 88.000     18     0     0     1     0     0     0
 81.900     22     0     0     1     0     0     0
 88.600     14     0     0     1     0     0     0
 88.600     21     0     0     1     0     0     0
 75.500     27     0     0     1     0     0     0
 85.000     27     0     0     1     0     0     0
100.200     25     0     0     1     0     0     0
115.200     35     0     0     1     0     0     0
 74.000     19     0     0     1     0     0     0
 77.000     34     0     0     1     0     0     0
 80.000     35     0     0     1     0     0     0
 71.200     35     0     0     1     0     0     0
 74.400     34     0     0     1     0     0     0
 81.500     16     0     0     1     0     0     0
 92.600     12     0     0     1     0     0     0
122.500     23     0     0     1     0     0     0
 51.900     14     0     0     1     0     0     0
 55.600     15     0     0     1     0     0     0
 41.300     26     0     0     1     0     0     0
 63.300      6     0     0     1     0     0     0
 62.400      7     0     0     1     0     0     0
 70.500     13     0     0     1     0     0     0
 53.500     26     0     0     1     0     0     0
 47.900      5     0     0     1     0     0     0
 45.800      4     0     0     1     0     0     0
 51.900      8     0     0     1     0     0     0
 47.200      4     0     0     1     0     0     0
 87.700     38     0     0     0     1     0     0
 97.800     37     0     0     0     1     0     0
 99.300     31     0     0     0     1     0     0
 77.500     31     0     0     0     1     0     0
 87.500     31     0     0     0     1     0     0
 72.100     30     0     0     0     1     0     0
 92.500     30     0     0     0     1     0     0
 83.200     27     0     0     0     1     0     0
 66.700     29     0     0     0     1     0     0
107.000     28     0     0     0     1     0     0
 83.600     27     0     0     0     1     0     0
 68.100     25     0     0     0     1     0     0
102.800     24     0     0     0     1     0     0
100.500     24     0     0     0     1     0     0
 67.000     22     0     0     0     1     0     0
 94.300     22     0     0     0     1     0     0
114.500     22     0     0     0     1     0     0
 90.000     22     0     0     0     1     0     0
 87.168     21     0     0     0     1     0     0
 85.500     21     0     0     0     1     0     0
 90.000     20     0     0     0     1     0     0
104.000     19     0     0     0     1     0     0
 76.200     19     0     0     0     1     0     0
 98.500     18     0     0     0     1     0     0
 89.000     15     0     0     0     1     0     0
 82.000     12     0     0     0     1     0     0
 62.900     13     0     0     0     1     0     0
 65.700     12     0     0     0     1     0     0
 61.200     12     0     0     0     1     0     0
 78.500     11     0     0     0     1     0     0
 68.000     10     0     0     0     1     0     0
 64.000      9     0     0     0     1     0     0
 64.800      8     0     0     0     1     0     0
 69.000      8     0     0     0     1     0     0
 74.000      7     0     0     0     1     0     0
 48.700     14     0     0     0     1     0     0
 49.500     11     0     0     0     1     0     0
 50.700      6     0     0     0     1     0     0
 46.000      5     0     0     0     1     0     0
 50.000      4     0     0     0     1     0     0
 50.500      3     0     0     0     1     0     0
 50.000      3     0     0     0     1     0     0
 50.000      3     0     0     0     1     0     0
 48.700      2     0     0     0     1     0     0
153.000     28     0     0     0     0     1     0
135.000     15     0     0     0     0     1     0
121.000     30     0     0     0     0     1     0
107.500     25     0     0     0     0     1     0
103.000     29     0     0     0     0     1     0
 91.000     33     0     0     0     0     1     0
 93.000     18     0     0     0     0     1     0
 83.000     20     0     0     0     0     1     0
 70.000     27     0     0     0     0     1     0
 68.000     21     0     0     0     0     1     0
 66.500     26     0     0     0     0     1     0
 66.000     12     0     0     0     0     1     0
 82.000     20     0     0     0     0     1     0
 74.000     11     0     0     0     0     1     0
 60.500     10     0     0     0     0     1     0
 58.000     11     0     0     0     0     1     0
 57.500     10     0     0     0     0     1     0
 55.000     14     0     0     0     0     1     0
 54.000      7     0     0     0     0     1     0
 54.000      6     0     0     0     0     1     0
 51.000      3     0     0     0     0     1     0
 51.000      4     0     0     0     0     1     0
 51.000      2     0     0     0     0     1     0
126.000     28     0     0     0     0     0     1
121.000     26     0     0     0     0     0     1
121.000     37     0     0     0     0     0     1
121.000     18     0     0     0     0     0     1
121.000     16     0     0     0     0     0     1
121.000     28     0     0     0     0     0     1
121.000     22     0     0     0     0     0     1
120.500     13     0     0     0     0     0     1
116.500     26     0     0     0     0     0     1
115.700     22     0     0     0     0     0     1
115.485     34     0     0     0     0     0     1
114.920     28     0     0     0     0     0     1
114.500     34     0     0     0     0     0     1
113.330     31     0     0     0     0     0     1
112.000     40     0     0     0     0     0     1
109.650     40     0     0     0     0     0     1
107.640     28     0     0     0     0     0     1
105.155     17     0     0     0     0     0     1
100.000     26     0     0     0     0     0     1
 97.000     26     0     0     0     0     0     1
 95.800     44     0     0     0     0     0     1
 90.045     21     0     0     0     0     0     1
 90.000     15     0     0     0     0     0     1
 87.000     27     0     0     0     0     0     1
 85.500     29     0     0     0     0     0     1
 73.000     10     0     0     0     0     0     1
 60.000      6     0     0     0     0     0     1
 57.850     13     0     0     0     0     0     1
 54.445      5     0     0     0     0     0     1
 53.500      9     0     0     0     0     0     1
 52.650      7     0     0     0     0     0     1
 51.850      5     0     0     0     0     0     1
 51.750      7     0     0     0     0     0     1
 50.250      2     0     0     0     0     0     1
 50.250      2     0     0     0     0     0     1
 50.000      1     0     0     0     0     0     1
 50.000      1     0     0     0     0     0     1
 