430  	600  	
550  	690  	
420  	540  	
330  	450  	
370  	420  	
530  	620  	
620  	690  	
470  	570  	
620  	750  	
470  	500  	
490  	660  	
590  	610  	
530  	410  	
530  	730  	
650  	580  	
640  	680  	
570  	640  	
660  	660  	
690  	530  	
400  	500  	
570  	450  	
650  	550  	
430  	490  	
490  	410  	
390  	600  	
480  	620  	
580  	710  	
510  	470  	
550  	520  	
340  	480  	
550  	550  	
600  	580  	
560  	530  	
480  	640  	
490  	430  	
520  	590  	
510  	670  	
560  	510  	
490  	410  	
490  	580  	
630  	640  	
310  	510  	
630  	650  	
390  	370  	
560  	530  	
390  	350  	
510  	460  	
480  	530  	
480  	400  	
600  	600  	
620  	610  	
600  	670  	
480  	420  	
490  	430  	
560  	550  	
530  	540  	
460  	520  	
390  	520  	
560  	710  	
390  	580  	
370  	420  	
440  	400  	
510  	590  	
410  	520  	
320  	710  	
420  	560  	
270  	710  	
650  	550  	
540  	770  	
250  	660  	
540  	600  	
530  	660  	
460  	600  	
450  	450  	
570  	720  	
380  	360  	
490  	420  	
540  	500  	
500  	540  	
580  	570  	
600  	620  	
480  	500  	
440  	630  	
470  	610  	
500  	530  	
550  	610  	
350  	450  	
500  	470  	
420  	440  	
560  	530  	
400  	430  	
580  	600  	
480  	380  	
590  	590  	
360  	560  	
470  	680  	
510  	440  	
670  	680  	
590  	590  	
270  	480  	
370  	470  	
460  	620  	
500  	640  	
470  	470  	
520  	570  	
450  	410  	
540  	640  	
480  	580  	
560  	660  	
500  	540  	
560  	570  	
510  	630  	
370  	330  	
510  	600  	
400  	770  	
600  	610  	
470  	400  	
570  	570  	
540  	680  	
370  	380  	
560  	600  	
570  	620  	
590  	580  	
440  	440  	
660  	570  	
540  	640  	
400  	530  	
500  	640  	
540  	510  	
450  	600  	
490  	570  	
640  	560  	
470  	440  	
460  	510  	
430  	620  	
470  	400  	
410  	410  	
590  	660  	
450  	710  	
450  	490  	
490  	460  	
610  	660  	
530  	600  	
540  	660  	
600  	630  	
470  	500  	
380  	540  	
510  	630  	
670  	670  	
550  	650  	
430  	430  	
420  	660  	
580  	680  	
600  	700  	
500  	610  	
590  	680  	
440  	590  	
470  	650  	
510  	610  	
630  	510  	
580  	450  	
310  	500  	
320  	650  	
550  	710  	
480  	660  	
510  	680  	
430  	380  	
610  	580  	
540  	760  	
560  	620  	
670  	670  	
500  	590  	
400  	500  	
530  	500  	
530  	530  	
540  	690  	
440  	530  	
450  	530  	
600  	740  	
490  	570  	
530  	630  	
550  	640  	
390  	580  	
490  	630  	
540  	620  	
510  	510  	
520  	670  	
650  	730  	
440  	520  	
590  	640  	
670  	680  	
560  	600  	
520  	630  	
430  	510  	
440  	660  	
520  	560  	
580  	680  	
340  	380  	
400  	600  	
540  	620  	
450  	510  	
570  	640  	
430  	520  	
500  	570  	
450  	600  	
500  	690  	
300  	420  	
360  	610  	
560  	640  	
470  	580  	
330  	660  	
300  	620  	
500  	570  	
520  	620  	
430  	530  	
550  	430  	
440  	640  	
640  	490  	
690  	600  	
480  	530  	
490  	470  	
400  	660  	
460  	410  	
580  	610  	
470  	640  	
500  	540  	
270  	420  	
410  	680  	
370  	420  	
500  	470  	
410  	510  	
550  	600  	
350  	650  	
350  	440  	
490  	420  	
480  	530  	
510  	540  	
570  	610  	
470  	550  	
490  	570  	
570  	620  	
430  	480  	
640  	590  	
570  	560  	
480  	540  	
550  	600  	
450  	590  	
410  	510  	
530  	550  	
490  	600  	
680  	690  	
650  	640  	
630  	650  	
660  	620  	
430  	550  	
490  	510  	
440  	460  	
330  	490  	
550  	650  	
500  	530  	
570  	590  	
530  	700  	
520  	420  	
460  	630  	
660  	610  	
530  	650  	
580  	620  	
560  	640  	
270  	510  	
270  	550  	
410  	440  	
490  	530  	
580  	520  	
580  	610  	
280  	350  	
450  	520  	
460  	490  	
600  	710  	
540  	530  	
410  	450  	
500  	530  	
450  	710  	
570  	630  	
460  	520  	
540  	630  	
530  	410  	
540  	630  	
550  	480  	
570  	570  	
550  	690  	
640  	700  	
380  	590  	
520  	660  	
520  	610  	
570  	570  	
560  	710  	
510  	380  	
540  	540  	
530  	570  	
270  	500  	
520  	640  	
470  	450  	
500  	660  	
630  	680  	
410  	480  	
430  	460  	
460  	400  	
580  	620  	
640  	760  	
620  	710  	
500  	550  	
700  	590  	
370  	400  	
620  	670  	
490  	650  	
620  	620  	
550  	460  	
530  	750  	
490  	470  	
510  	620  	
410  	510  	
450  	520  	
440  	510  	
550  	600  	
670  	540  	
630  	600  	
690  	590  	
460  	390  	
480  	550  	
600  	680  	
560  	660  	
400  	500  	
470  	510  	
580  	520  	
570  	680  	
540  	610  	
520  	540  	
510  	540  	
440  	580  	
550  	550  	
500  	610  	
570  	530  	
440  	540  	
480  	630  	
300  	490  	
430  	410  	
430  	460  	
480  	600  	
540  	550  	
670  	650  	
650  	600  	
500  	420  	
530  	510  	
490  	470  	
570  	650  	
390  	510  	
470  	530  	
570  	700  	
470  	700  	
500  	530  	
480  	560  	
380  	390  	
560  	580  	
660  	630  	
430  	340  	
410  	530  	
500  	560  	
530  	530  	
440  	540  	
350  	510  	
540  	640  	
430  	450  	
520  	510  	
660  	770  	
530  	450  	
610  	660  	
590  	510  	
650  	580  	
640  	650  	
560  	640  	
470  	580  	
200  	580  	
580  	590  	
500  	380  	
500  	530  	
480  	540  	
500  	720  	
450  	400  	
580  	600  	
330  	440  	
640  	650  	
530  	420  	
470  	550  	
370  	350  	
260  	550  	
470  	480  	
480  	590  	
530  	750  	
450  	510  	
530  	610  	
520  	670  	
640  	620  	
650  	470  	
440  	520  	
540  	630  	
450  	590  	
490  	670  	
320  	620  	
520  	660  	
420  	530  	
510  	740  	
520  	550  	
420  	510  	
660  	680  	
530  	560  	
390  	500  	
510  	480  	
470  	550  	
540  	740  	
440  	610  	
470  	660  	
420  	690  	
600  	530  	
410  	470  	
620  	600  	
520  	620  	
700  	620  	
