350  	2583  	4  	4  	3  	5  	0  	
360  	3308  	4  	3  	3  	3  	0  	
365  	2926  	5  	3  	3  	2  	0  	
372  	3050  	4  	4  	3  	8  	0  	
373  	3528  	4  	3.5  	3  	3  	0  	
373  	2830  	4  	2.75  	3  	4  	0  	
375  	3521  	4  	4.5  	3  	7  	0  	
349  	3003  	5  	3.5  	3  	4  	0  	
380  	3230  	4  	3.5  	3  	8  	0  	
380  	3230  	4  	3.5  	3  	7  	0  	
380  	3230  	4  	3.5  	3  	7  	0  	
380  	2900  	4  	3  	3  	7  	0  	
380  	3080  	5  	4  	3  	3  	0  	
370  	3080  	4  	4  	3  	3  	0  	
380  	3525  	5  	3.5  	3  	4  	0  	
385  	3050  	4  	4  	3  	7  	0  	
385  	3050  	4  	4  	3  	8  	0  	
389  	3528  	4  	3.5  	3  	4  	0  	
390  	2680  	4  	3  	3  	3  	0  	
390  	3500  	4  	3.5  	3  	8  	0  	
390  	3521  	4  	4.5  	3  	7  	0  	
390  	2700  	4  	3  	3  	2  	0  	
392  	2662  	4  	3  	3  	4  	0  	
392  	3371  	5  	4.5  	3  	3  	0  	
392  	3371  	5  	4.5  	3  	4  	0  	
393  	3371  	4  	4.5  	3  	3  	0  	
395  	2900  	5  	3  	3  	4  	0  	
395  	3275  	4  	3.5  	3  	8  	0  	
399  	3080  	5  	4  	3  	2  	0  	
400  	3155  	4  	4.5  	3  	3  	0  	
400  	3155  	4  	4.5  	3  	3  	0  	
400  	3308  	4  	3.5  	3  	7  	0  	
399.9  	3371  	4  	4.5  	3  	2  	0  	
400  	3050  	4  	4  	3  	7  	0  	
401  	2789  	4  	3.5  	3  	4  	0  	
402.5  	3275  	4  	3.5  	3  	7  	0  	
405  	3180  	4  	4  	3  	8  	0  	
405  	3512  	4  	3.5  	3  	8  	0  	
407  	3275  	4  	3.5  	3  	6  	0  	
410  	3512  	4  	3.5  	3  	8  	0  	
410  	2789  	4  	3.5  	3  	4  	0  	
412  	3371  	4  	4.5  	3  	3  	0  	
412  	3275  	4  	4.5  	3  	6  	0  	
415.984  	3155  	4  	3.5  	3  	3  	0  	
416  	3757  	5  	4.5  	3  	2  	0  	
418  	3275  	4  	3  	3  	7  	0  	
419.95  	3879  	5  	3.5  	3  	2  	0  	
425  	3275  	4  	4.5  	3  	5  	0  	
425  	3515  	4  	3.5  	3  	2  	0  	
426  	3700  	4  	4.5  	3  	5  	0  	
430  	3110  	4  	3.5  	3  	9  	0  	
430  	3770  	4  	2.75  	3  	9  	0  	
432  	3512  	4  	3.5  	3  	7  	0  	
432  	3371  	5  	4.5  	3  	2  	0  	
434  	3367  	4  	4.5  	3  	8  	0  	
435  	3700  	4  	3.5  	3  	5  	0  	
439.402  	3515  	4  	3.5  	3  	2  	0  	
440  	3770  	4  	4.5  	3  	7  	0  	
440  	3413  	5  	3.5  	3  	2  	0  	
565  	3500  	5  	3.5  	3  	3  	0  	
605  	3757  	5  	4.5  	3  	2  	0  	
609.9  	3757  	4  	3  	3  	7  	0  	
620  	3879  	5  	4.5  	3  	3  	0  	
653  	4035  	6  	4.5  	3  	2  	0  	
670  	4035  	5  	4.5  	3  	2  	0  	
440  	3525  	5  	3.5  	3  	4  	0  	
445  	3308  	4  	3.5  	3  	6  	0  	
459.9  	3528  	4  	3.5  	3  	4  	0  	
449.96  	3515  	4  	4.5  	3  	2  	0  	
450  	3371  	4  	4.5  	3  	4  	0  	
450  	3528  	4  	3.5  	3  	4  	0  	
459.5  	3757  	5  	3  	3  	2  	0  	
460  	2600  	2  	2.5  	2  	3  	0  	
549.95  	2879  	5  	4.5  	3  	3  	0  	
460  	4000  	4  	4  	3  	5  	0  	
462  	3757  	5  	3  	3  	2  	0  	
449.9  	3500  	5  	4.5  	4  	3  	0  	
464.82  	3515  	4  	4.5  	3  	2  	0  	
464.9  	3308  	4  	3.5  	3  	6  	0  	
465  	3100  	4  	4  	3  	8  	0  	
457.325  	3879  	5  	4.5  	3  	2  	0  	
449.95  	3515  	4  	4.5  	3  	3  	0  	
475  	3929  	4  	3.5  	3  	5  	0  	
475  	4000  	4  	4  	3  	6  	0  	
419.95  	3879  	5  	4.5  	3  	2  	0  	
479.95  	4136  	5  	4.5  	3  	2  	0  	
480  	3512  	4  	4.5  	3  	9  	0  	
482.75  	3879  	5  	4.5  	3  	2  	0  	
489.95  	3879  	5  	4.5  	3  	2  	0  	
490  	4035  	6  	4.5  	3  	2  	0  	
495  	3500  	5  	4.5  	4  	4  	0  	
497.5  	3770  	4  	3.5  	3  	8  	0  	
499.9  	4035  	6  	4.5  	3  	2  	0  	
500  	3800  	4  	3.5  	3  	8  	0  	
510  	4035  	6  	4.5  	3  	2  	0  	
510  	3500  	4  	4.5  	4  	4  	0  	
514.9  	4018  	4  	3.5  	3  	8  	0  	
514.9  	3308  	4  	3.5  	3  	8  	0  	
527.5  	3757  	5  	3  	3  	2  	0  	
535  	4035  	6  	4.5  	3  	2  	0  	
535  	3879  	5  	4.5  	3  	3  	0  	
539  	3854  	4  	4.5  	3  	3  	0  	
539  	3500  	5  	4.5  	3  	4  	0  	
547  	4035  	6  	4.5  	3  	2  	0  	
552  	4136  	5  	4.5  	3  	3  	0  	
556.7  	3700  	5  	4.5  	4  	3  	0  	
480  	2865  	4  	2.5  	3  	11  	1  	
485  	3384  	5  	4  	3  	5  	1  	
485  	3568  	5  	4.5  	3  	8  	1  	
487  	3384  	5  	4.5  	3  	4  	1  	
490  	3305  	5  	4.5  	3  	9  	1  	
492  	3227  	4  	3.5  	3  	4  	1  	
495  	3295  	4  	4  	3  	8  	1  	
504  	3259  	4  	3.5  	3  	5  	1  	
505  	3668  	4  	3.5  	3  	7  	1  	
517  	3685  	4  	4.5  	3  	9  	1  	
520  	3350  	5  	2.75  	3  	3  	1  	
525  	2800  	4  	2.5  	3  	11  	1  	
526  	3170  	4  	3  	3  	8  	1  	
529  	3300  	4  	3  	3  	9  	1  	
530  	3475  	4  	3.5  	3  	11  	1  	
530  	3380  	5  	4.5  	3  	9  	1  	
531.05  	3620  	5  	4.5  	3  	1  	1  	
532.5  	3305  	5  	4.5  	3  	9  	1  	
535  	3475  	4  	2.5  	2  	19  	1  	
535  	3305  	5  	4.5  	3  	8  	1  	
535  	3900  	4  	3.5  	3  	8  	1  	
540  	4389  	5  	4.5  	3  	8  	1  	
540  	3305  	5  	4  	3  	9  	1  	
545  	3500  	4  	3.5  	3  	11  	1  	
547.5  	3369  	4  	3.5  	3  	10  	1  	
571  	3485  	4  	3.5  	3  	11  	1  	
550  	3920  	5  	3.5  	3  	6  	1  	
555  	3475  	4  	3.5  	3  	10  	1  	
555  	3781  	4  	3.5  	3  	8  	1  	
560  	2735  	4  	2.75  	3  	11  	1  	
560  	3390  	4  	4.5  	3  	8  	1  	
560  	3700  	4  	4.5  	3  	9  	1  	
562  	3668  	5  	4.5  	3  	7  	1  	
565  	4089  	5  	3.5  	2  	8  	1  	
565  	4170  	5  	4.5  	3  	1  	1  	
570  	2812  	4  	3  	3  	10  	1  	
570  	4010  	4  	4.5  	3  	9  	1  	
570  	3379  	4  	4.5  	3  	9  	1  	
575  	3920  	5  	4.5  	3  	5  	1  	
575  	3865  	4  	4.5  	3  	12  	1  	
575  	4579  	5  	3.5  	3  	8  	1  	
580  	3968  	4  	4.5  	4  	2  	1  	
580  	3750  	4  	3  	4  	8  	1  	
583  	4000  	5  	3.5  	3  	8  	1  	
585  	3457  	4  	3  	3  	9  	1  	
589  	3400  	5  	4.5  	3  	9  	1  	
590  	3427  	4  	3.5  	3  	2  	1  	
591  	4500  	4  	3.5  	3  	8  	1  	
597.5  	3970  	4  	4.5  	3  	9  	1  	
600  	4818  	5  	4  	3  	10  	1  	
600  	4600  	6  	5  	3  	6  	1  	
600  	3685  	4  	4.5  	3  	8  	1  	
600  	3457  	4  	3.5  	3  	11  	1  	
610  	3700  	4  	3.5  	3  	8  	1  	
620  	4100  	5  	4  	3  	1  	1  	
625  	4300  	4  	3.5  	3  	2  	1  	
625  	3820  	5  	4.5  	3  	5  	1  	
627.5  	4160  	4  	4.5  	3  	1  	1  	
629.9  	3712  	6  	5.5  	3  	1  	1  	
640  	4200  	5  	4.5  	3  	7  	1  	
645  	4000  	4  	3.5  	3  	7  	1  	
651  	4500  	5  	3.5  	3  	9  	1  	
657  	3818  	4  	4  	3  	13  	1  	
663  	3885  	3  	4.5  	4  	2  	1  	
675  	3968  	4  	4.5  	3  	2  	1  	
690  	4839  	5  	3.5  	3  	9  	1  	
695  	3637  	5  	4.5  	3  	2  	1  	
700  	4335  	4  	4.5  	3  	2  	1  	
700  	4300  	4  	3.5  	3  	3  	1  	
710  	4870  	5  	4.5  	3  	7  	1  	
712.95  	4459  	5  	4.5  	4  	0  	1  	
720  	3741  	4  	3.5  	3  	10  	1  	
730  	4400  	5  	4.5  	3  	8  	1  	
730  	4500  	5  	4.5  	3  	2  	1  	
740  	4579  	5  	3.5  	3  	8  	1  	
749  	3450  	4  	3.5  	3  	8  	1  	
750  	4402  	4  	4.5  	3  	9  	1  	
750  	4350  	4  	3.5  	3  	6  	1  	
760  	4400  	5  	4  	3  	8  	1  	
765  	4600  	5  	4  	3  	2  	1  	
774.95  	4024  	4  	3.5  	4  	0  	1  	
780  	3900  	5  	4.5  	3  	2  	1  	
795  	3900  	4  	4.5  	3  	4  	1  	
814  	4000  	5  	4.5  	3  	7  	1  	
842  	4569  	5  	4.5  	3  	7  	1  	
880  	4581  	4  	4.5  	3  	2  	1  	
885  	5000  	5  	5.5  	3  	6  	1  	
920  	5000  	5  	4.5  	5  	8  	1  	
925  	4650  	4  	5.5  	4  	2  	1  	
925  	4300  	5  	3.5  	3  	9  	1  	
925  	4400  	5  	4  	3  	7  	1  	
944  	4387  	5  	4.5  	4  	1  	1  	
981  	4970  	5  	4.5  	4  	1  	1  	
985  	5126  	4  	3.5  	3  	9  	1  	
994  	5076  	5  	4.5  	4  	1  	1  	
2600  	8685  	6  	5  	5  	16  	1  	
2900  	11000  	5  	7.5  	3  	9  	1  	
1010  	5517  	5  	5.5  	4  	1  	1  	
1100  	5500  	5  	5  	3  	2  	1  	
1100  	4900  	4  	4.5  	3  	2  	1  	
1112  	5800  	5  	4.5  	3  	2  	1  	
1120  	8300  	6  	5.5  	3  	7  	1  	
1135  	5506  	6  	5.5  	4  	1  	1  	
1235  	6000  	6  	5.5  	5  	5  	1  	
1350  	5475  	5  	5.5  	4  	2  	1  	
1380  	6649  	7  	5.5  	3  	5  	1  	
1395  	5400  	3  	4.5  	4  	9  	1  	
1400  	10000  	6  	8  	4  	3  	1  	
1400  	5862  	5  	6.5  	4  	2  	1  	
1425  	7000  	6  	4.5  	3  	9  	1  	
1475  	6338  	6  	6.5  	4  	8  	1  	
1520  	6593  	6  	7.5  	5  	2  	1  	
1600  	7000  	6  	7.5  	5  	5  	1  	
1625  	8300  	6  	6.5  	4  	8  	1  	
1750  	7338  	6  	7.5  	4  	1  	1  	
1775  	9500  	6  	5.5  	4  	8  	1  	
1800  	7948  	7  	7.4  	5  	1  	1  	
2500.5  	9000  	7  	7.5  	7  	11  	1  	
