52.3   15.735   25.532    66.0    6.9   53.26    9.43    60.4   58.42
66.4   25.620   35.621    86.1    8.8   59.07   11.91    67.5   54.18
54.8   18.976   27.292    78.2    7.2   54.15   11.56    87.5   64.35
51.9   14.736   21.920    66.1    6.8   56.52    9.38    53.5   65.49
57.7   23.123   31.980    75.5    6.6   50.80   11.01    92.6   55.24
62.5   20.001   29.285    83.8    5.7   54.67   11.99    82.4   69.12
60.9   24.057   35.485    78.8    5.4   51.61    8.82    79.1   71.28
61.1   20.256   30.222    77.4    4.0   52.01    9.18    73.0   64.52
52.8   17.867   25.789    74.2    5.8   53.58   11.08    84.8   69.14
59.9   18.291   26.684    70.1    5.7   52.00   10.33    63.2   55.84
63.3   20.073   27.147    78.4    3.5   55.33    9.03    89.0   24.69
56.1   16.122   25.475    80.2    6.1   60.92    9.75    57.4   70.06
57.7   20.325   31.406    75.7    6.6   50.82    9.06    84.6   62.48
57.4   17.101   28.197    74.9    5.7   54.74   10.40    64.9   70.97
57.8   16.465   25.391    80.6    4.5   56.79    7.97    60.6   75.88
58.0   17.336   26.535    80.9    4.7   57.48    9.59    69.1   70.41
51.2   16.058   25.011    65.0    7.4   55.79    9.74    51.8   72.41
50.2   15.993   25.876    68.4    9.6   49.96    8.88    68.1   51.80
57.5   17.406   26.024    79.4    6.6   55.44    9.95    44.6   77.73
63.4   22.360   32.078    78.2    4.3   50.34    8.57    81.3   56.80
60.3   23.090   32.749    79.6    6.7   47.69    8.07    84.3   74.02
55.7   20.263   32.344    76.8    8.2   51.63   10.06    70.5   65.28
62.5   19.756   29.475    82.8    5.1   55.36    8.13    69.9   73.57
52.0   14.472   22.251    64.5    8.4   50.09    8.57    47.1   49.64
56.4   17.421   27.060    73.1    6.2   53.97    9.71    68.7   69.14
55.8   15.268   24.769    81.7    7.0   58.51    9.88    52.5   71.37
60.3   16.009   24.333    82.2    3.7   56.80    8.09    66.1   72.63
62.9   19.291   27.764    77.9    6.2   54.18   15.06    88.3   66.66
64.4   20.468   30.940    82.3    6.2   56.36    9.14    51.0   77.00
58.8   23.243   35.622    75.9    5.7   51.12    7.47    89.4   64.92
53.9   16.783   25.372    74.3    8.0   54.22   11.32    73.0   58.09
55.5   22.437   31.861    74.2    6.9   46.88    7.57    84.3   60.66
59.8   16.475   23.452    70.2    4.8   53.52    8.11    50.4   60.96
57.3   14.731   22.559    78.3    5.3   58.78    6.42    53.3   72.67
54.7   18.666   29.796    75.3    6.6   52.97   10.13    74.1   69.18
53.5   16.820   25.566    73.7    6.9   56.64   11.16    67.7   65.23
56.1   18.420   27.720    81.7    6.2   55.52   11.84    70.5   73.36
52.8   18.845   28.850    73.9    6.0   51.38    7.33    68.9   72.76
58.3   19.631   29.841    71.1    6.6   49.33    8.85    86.0   75.45
58.3   16.140   24.130    67.8    5.6   52.20    7.84    54.6   54.60
58.5   14.271   21.425    78.6    4.2   57.80    7.22    50.0   70.32
55.7   16.367   24.988    66.7    6.4   54.04   10.38    60.9   66.35
56.4   18.629   27.081    71.5    7.1   54.58   10.26    80.3   58.26
58.6   17.208   28.597    84.7    5.3   59.24    8.69    87.0   64.20
60.7   19.951   28.974    75.3    4.5   53.64    9.32    69.4   77.34
62.3   18.613   25.883    82.0    5.9   53.63    8.33    32.2   61.94
57.9   20.607   31.026    83.5    5.7   55.41   11.77    76.4   69.63
42.6   15.299   26.184    66.0    9.6   55.57    8.66    36.1   76.81
60.1   17.465   27.653    78.8    5.2   54.72    8.08    65.7   72.37
58.7   16.260   28.280    83.1    5.9   60.60   10.38    65.0   70.03
