1345       6       2      38
2435       4      18      52
1715       6       4      45
1461       6       4      58
1639       9       3      30
1345       5       8      43
1602       7       6      30
1144       4       3      33
1566       6      23      51
1496       4      15      37
1234       4       9      45
1345       6       3      55
1345       5      14      57
3389       9      16      36
1839       4      20      60
 981       4       5      35
1345       9      10      34
1566       5       4      28
1187       6       1      25
1345       7      10      43
1345       9       2      42
2167       4      17      47
1402      11       2      46
2115       4      15      52
2218       8      11      64
3575      11       1      39
1972       4       1      39
1234       4       2      40
1926       5       9      53
2165       6      15      59
2365       6      12      35
1345       9       5      45
1839       4      14      37
2613       5      14      37
2533      11       3      43
1602       8       5      32
1839       9      18      40
2218       7       1      49
1529       4      10      43
1461       1      10      31
3307       9      22      45
3833      11       3      31
1839       4      14      55
1461       6       5      30
1433       9       3      28
2115       6      15      60
1839       4      13      32
1288       4       9      58
1288       6       4      29
