 7876     8641
 7926     8660
 7954     8794
 8220     9077
 8434     9274
 8817     9805
 9257    10292
 9674    10715
 9854    11061
10313    11448
10593    11708
10717    12022
10975    12345
11508    12770
11950    13539
11756    13310
11899    13404
12446    13793
12846    14095
13258    14662
13417    14899
13216    14813
13245    15009
13270    14999
13829    15277
14415    16252
14954    16597
15409    16981
15740    17106
16211    17621
16430    17801
16532    17942
16249    17755
16520    18062
16810    18075
17152    18320
