26.250    0   106.3   174.5    67.3    53.8    28.66   4    1.8    26.0    0
15.969    0   103.7   187.4    69.7    53.0    28.88   4    2.0    27.0    0
19.564    0   103.7   187.4    69.7    53.0    28.88   6    2.5    24.0    0
11.740    0   104.0   171.8    67.2    54.8    24.05   4    2.0    33.5    0
14.067    0   104.0   171.8    67.2    52.8    24.85   4    2.0    33.5    0
13.876    0   103.7   187.2    68.5    53.0    28.22   4    2.0    27.0    0
17.726    0   103.7   187.2    68.5    53.0    30.84   6    2.5    24.0    0
11.740    0   104.0   171.8    67.2    52.8    23.84   4    2.0    33.5    0
14.067    0   104.0   171.8    67.2    52.8    24.85   4    2.0    33.5    0
14.995    1    98.8   172.2    68.3    51.0    27.56   4    2.0    27.0    0
18.105    1    98.8   172.2    68.7    51.6    28.66   4    2.0    26.5    0
20.335    1    98.8   172.2    68.7    51.6    31.19   4    2.0    24.0    0
10.070    1    98.4   170.0    66.7    52.5    23.04   4    1.9    34.0    0
10.925    1    98.4   170.0    66.7    52.5    23.23   4    1.9    34.0    0
13.210    1    98.4   170.0    66.7    52.5    24.47   4    1.8    28.0    0
15.030    0   101.3   181.5    71.8    53.0    30.77   6    3.8    25.0    0
18.605    0   101.3   181.5    71.8    53.0    30.77   8    5.0    21.0    0
17.410    0   101.3   181.5    71.8    53.2    30.77   8    5.0    21.0    0
14.550    1   102.8   178.7    69.8    51.6    26.90   4    2.0    29.5    0
16.920    1   102.8   179.5    69.8    51.6    29.21   6    2.5    23.5    0
17.910    0   113.0   200.3    72.7    52.5    35.36   6    3.8    22.5    1
23.420    0   113.0   200.3    72.7    53.0    35.36   6    3.8    22.0    1
39.440    0   113.0   207.3    74.8    53.6    37.68   8    4.6    21.5    1
17.370    0   113.0   199.9    72.7    52.5    35.33   6    3.8    22.5    1
19.225    0   107.5   193.9    72.5    53.3    32.61   6    3.1    24.0    1
19.995    0   107.5   193.9    72.5    53.3    33.28   6    3.8    23.5    1
28.830    0   113.8   207.2    75.0    55.2    37.48   6    3.8    24.0    1
15.065    0   103.4   189.2    68.7    53.5    28.88   4    2.3    26.0    1
16.065    0   103.4   189.2    68.7    53.5    29.39   4    2.3    27.0    1
17.725    0   103.4   189.2    68.7    53.5    29.85   6    3.1    24.5    1
38.855    0   108.0   202.2    75.5    53.6    37.74   8    4.6    20.5    1
42.170    0   108.0   202.2    75.5    53.9    38.18   8    4.6    20.5    1
13.590    0   103.4   187.3    53.9    53.0    27.58   4    2.2    30.0    0
16.790    0   103.4   187.3    53.9    53.0    29.90   6    3.1    25.0    0
14.995    1   101.1   193.2    74.1    51.3    33.90   6    3.4    23.5    0
18.660    1   101.1   193.2    74.1    51.3    34.24   8    5.7    21.5    0
10.545    0   104.1   180.3    67.4    53.2    26.17   4    2.2    31.0    0
14.295    0   104.1   180.3    67.4    53.9    27.88   4    2.3    27.0    0
37.345    1    96.2   178.5    70.7    46.3    33.09   8    5.7    22.0    1
68.603    1    96.2   178.5    73.1    46.3    35.12   8    5.7    21.0    0
17.295    0   107.5   200.7    71.9    53.8    32.76   6    3.1    24.0    1
19.495    0   107.5   200.7    71.9    53.8    34.51   6    3.4    21.5    1
 8.395    1    93.1   149.4    62.8    54.7    18.08   3    1.0    46.5    0
 8.695    1    93.1   149.4    62.8    54.7    18.08   3    1.0    46.5    0
13.995    0   103.4   187.9    67.2    53.1    27.16   4    2.3    27.0    0
15.900    0   103.4   187.9    67.2    53.1    27.16   4    2.3    27.0    0
18.200    0   107.0   193.9    71.0    53.3    32.86   6    3.1    24.0    1
19.200    0   107.0   193.9    71.0    53.3    32.86   6    3.1    24.0    1
15.604    1   101.1   195.6    74.5    52.0    32.30   6    3.4    23.5    0
19.844    1   101.1   195.6    74.5    52.0    33.73   8    5.7    22.0    0
21.684    1   101.1   197.0    74.5    51.7    33.45   8    5.7    22.0    0
13.599    0   103.4   186.9    68.7    53.5    28.24   4    2.3    27.0    0
15.549    0   103.4   186.9    68.7    53.5    28.88   4    2.3    27.0    0
17.919    0   107.5   194.8    71.9    52.8    32.43   6    3.1    24.0    1
11.559    0   104.1   181.9    67.4    51.8    26.79   4    2.2    30.0    0
13.319    0   104.1   181.9    67.4    51.8    28.29   4    2.3    27.5    0
12.255    0    99.2   173.2    67.5    50.6    22.80   4    1.9    34.0    0
13.355    0    99.2   175.8    67.5    50.6    23.76   4    1.9    30.0    0
17.930    0   106.9   184.0    70.1    54.7    28.22   4    2.2    28.0    0
20.490    0   106.9   184.0    70.1    54.7    29.54   4    2.2    28.0    0
11.970    0   103.2   172.8    66.9    50.9    22.24   4    1.5    37.0    0
15.260    0   103.2   172.8    66.9    50.9    23.90   4    1.6    32.0    0
10.130    1   101.3   160.2    66.9    50.7    21.08   4    1.5    44.0    0
11.480    1   101.3   160.2    66.9    50.7    21.78   4    1.5    37.0    0
12.180    1   101.3   160.2    66.9    50.7    20.94   4    1.5    51.5    0
13.920    1   101.3   160.2    66.9    50.7    23.90   4    1.6    32.0    0
19.013    1   102.8   181.5    68.9    51.6    26.25   4    2.0    30.0    0
22.088    1   102.8   181.5    68.9    51.6    28.00   6    2.5    23.5    0
14.779    1    98.8   172.2    68.3    49.8    27.23   4    2.0    27.5    0
16.749    1    98.8   172.2    68.3    49.8    28.22   4    2.0    27.5    0
20.419    1    98.8   172.2    68.7    50.5    28.77   4    2.0    27.0    0
23.349    1    98.8   172.2    68.7    50.5    31.20   4    2.0    24.0    0
14.769    0   103.7   187.0    68.1    53.1    27.55   4    2.4    26.5    0
19.089    0   103.7   187.0    68.1    53.1    28.66   4    2.4    25.0    1
18.635    0   103.7   187.0    68.1    53.1    29.76   4    2.4    25.0    1
12.404    0    99.8   170.1    66.6    54.2    23.20   4    1.6    35.0    0
14.674    0    99.8   170.1    66.6    54.2    23.66   4    1.6    35.0    0
15.674    0    99.8   170.1    66.6    54.2    25.36   4    2.0    22.5    0
16.525    0   103.1   187.8    69.7    54.9    29.10   4    2.2    27.0    0
19.665    0   103.1   187.8    69.7    54.9    30.64   4    2.2    24.5    1
21.985    0   103.1   187.8    69.7    54.9    32.19   6    3.0    24.0    1
23.605    0   103.1   187.8    69.7    55.1    31.64   6    3.0    24.0    1
