1983.01    94341
1983.02    94399
1983.03    95023
1983.04    95655
1983.05    96032
1983.06    97836
1983.07    99144
1983.08    99179
1983.09    98825
1983.10    99252
1983.11    99866
1983.12    99852
1984.01    98463
1984.02    99104
1984.03    99898
1984.04   100437
1984.05   101567
1984.06   102932
1984.07   103536
1984.08   102982
1984.09   102247
1984.10   102994
1984.11   103019
1984.12   103037
1985.01   101514
1985.02   101857
1985.03   102859
1985.04   102946
1985.05   103503
1985.06   104185
1985.07   105144
1985.08   105116
1985.09   104692
1985.10   105318
1985.11   105362
1985.12   105254
1986.01   104140
1986.02   104021
1986.03   104744
1986.04   105080
1986.05   105695
1986.06   107218
1986.07   108176
1986.08   108075
1986.09   106963
1986.10   107666
1986.11   107673
1986.12   107762
