2.80    3.42
3.54    3.56
2.88    3.13
2.15    3.27
2.22    3.38
3.31    4.13
2.13    3.95
2.39    3.81
3.01    4.33
2.68    2.85
2.66    4.05
2.96    3.57
2.34    3.35
3.13    3.61
3.46    3.83
2.92    3.56
2.15    3.43
3.00    3.52
2.42    3.14
1.77    3.19
2.33    3.38
3.80    4.16
3.22    3.33
2.53    3.56
2.37    3.25
3.12    4.05
2.54    3.27
3.56    3.12
3.25    4.06
2.32    3.61
3.00    4.31
3.71    3.69
3.43    3.15
3.22    3.41
2.82    3.00
2.64    3.45
2.40    4.00
1.77    3.28
3.13    2.81
2.65    3.29
2.74    3.79
2.41    3.50
2.86    3.70
2.56    3.50
3.28    3.61
2.34    3.16
2.67    3.64
2.62    3.93
2.54    3.89
2.04    3.52
3.20    4.19
3.30    3.89
2.36    3.95
2.49    3.06
2.95    3.72
2.12    3.38
3.05    3.69
2.67    3.56
2.71    3.28
3.16    3.79
1.11    3.21
1.81    3.00
2.80    2.71
2.56    3.30
3.87    4.00
2.07    3.50
3.78    3.75
2.61    3.41
2.83    3.94
2.46    4.08
3.50    3.81
2.85    4.11
3.48    3.56
2.70    3.89
3.24    3.80
2.36    3.55
3.28    3.20
2.65    3.25
3.14    3.68
3.04    3.68
3.38    3.44
2.81    3.50
2.61    3.83
2.48    3.35
2.98    3.00
2.42    3.39
1.81    3.50
3.08    3.71
1.97    2.69
2.55    3.67
2.85    3.19
1.84    4.00
2.08    3.68
2.00    3.57
2.60    3.21
3.15    3.82
2.36    2.88
3.20    3.95
2.57    3.31
2.37    3.25
2.93    3.88
2.96    3.44
3.10    3.25
2.21    2.75
2.90    4.05
1.71    2.76
2.78    3.80
2.15    3.68
3.60    4.18
2.36    3.13
3.21    3.47
3.55    3.90
2.47    3.00
2.90    3.55
3.36    3.75
2.86    3.94
2.47    2.29
3.35    4.06
2.18    3.70
2.69    3.44
2.01    3.75
1.95    3.00
2.81    3.63
2.72    3.94
3.34    3.50
2.79    3.06
3.81    3.17
3.15    3.31
2.65    3.67
2.66    3.73
2.98    3.31
3.00    3.50
2.33    3.00
2.84    3.05
2.55    3.43
2.18    3.05
2.31    2.57
3.86    3.70
3.42    3.73
3.47    3.69
1.90    3.80
3.31    3.00
3.52    4.30
2.71    3.61
2.36    3.88
3.97    4.00
2.58    3.13
3.23    3.95
2.88    3.17
3.24    4.05
2.86    3.50
3.28    3.31
2.51    2.67
3.18    4.35
2.46    3.70
3.72    3.89
2.91    3.43
2.37    3.75
3.13    3.33
3.38    4.15
3.05    3.50
1.74    3.66
2.94    3.52
2.82    3.39
2.70    3.35
3.05    3.89
1.23    3.13
3.57    4.10
3.41    4.07
2.55    3.38
3.66    4.15
2.61    3.55
2.61    3.75
3.55    3.22
2.62    4.21
3.39    4.00
2.25    4.11
2.83    3.44
3.56    4.28
3.67    4.00
2.51    3.89
3.11    3.70
2.31    3.69
3.27    3.87
2.07    3.39
2.55    3.56
3.28    3.78
3.33    4.22
2.34    3.48
3.67    3.25
2.80    3.87
2.77    3.35
3.11    3.33
2.87    3.13
2.94    3.00
3.42    3.47
2.29    3.81
2.06    3.38
3.34    4.38
2.36    3.81
2.79    3.75
3.88    4.24
2.67    3.92
2.22    3.94
2.20    3.89
2.52    2.90
2.44    3.50
3.68    3.53
2.15    3.67
2.78    3.30
1.85    3.06
2.96    3.80
3.25    3.75
3.32    3.95
2.23    3.61
3.47    3.50
3.20    3.69
2.77    3.71
2.94    3.75
3.11    4.27
2.45    3.16
2.01    3.81
2.42    2.94
3.27    3.89
2.72    3.12
2.88    4.00
1.66    3.43
3.84    3.86
2.80    2.70
1.90    2.69
2.48    3.59
3.10    3.06
2.49    3.75
2.67    3.53
2.44    3.81
2.71    3.38
2.44    3.22
3.16    3.50
2.95    3.30
3.37    3.47
3.87    4.00
2.71    3.63
3.30    3.89
2.31    4.12
2.50    3.50
3.32    3.44
2.40    3.82
2.28    3.33
2.96    3.63
2.42    3.19
3.89    3.38
3.77    4.06
2.80    3.52
1.25    3.18
3.32    4.11
3.26    3.42
2.45    2.56
2.13    3.05
2.89    3.22
2.00    3.18
2.95    3.27
3.60    4.11
3.82    4.33
2.00    3.61
3.24    4.10
2.85    3.89
3.74    4.00
3.70    4.05
3.00    3.59
3.59    3.69
3.40    3.94
3.26    4.00
2.35    3.71
3.71    3.13
2.21    2.93
2.45    3.58
2.05    3.29
3.65    3.91
2.90    3.00
3.40    3.58
2.75    3.64
2.43    3.67
2.53    3.78
2.68    3.39
2.85    4.19
2.36    3.31
2.83    3.55
2.98    3.17
2.19    3.25
3.39    3.70
1.57    3.36
3.21    3.78
3.37    4.00
3.02    3.81
2.31    3.06
3.29    3.38
2.50    4.00
2.52    2.94
2.42    4.15
3.55    3.68
3.39    4.00
3.33    3.11
3.41    3.83
2.45    3.35
2.21    3.05
2.23    2.88
2.93    3.27
2.71    3.38
3.53    4.20
2.81    3.77
1.78    3.50
2.91    4.24
2.72    3.75
2.89    4.00
3.28    3.72
3.10    3.13
1.90    2.65
2.50    2.59
2.03    2.71
2.48    3.55
2.43    3.31
2.25    3.33
2.62    2.84
3.78    4.00
2.60    3.72
2.24    2.38
3.56    4.11
3.04    2.73
3.29    3.72
3.43    4.21
2.57    3.72
2.70    3.55
2.59    3.55
2.54    3.00
2.91    3.81
2.71    3.78
3.16    3.11
2.81    3.72
2.18    3.07
2.46    2.89
2.58    3.80
2.61    3.64
3.17    4.06
3.20    4.20
2.53    3.92
2.75    2.57
2.75    3.70
2.10    2.80
2.94    4.22
3.78    3.95
2.50    3.85
2.61    2.78
3.14    3.09
2.47    3.56
2.61    3.25
2.62    3.53
2.85    3.37
2.52    3.56
2.80    3.47
2.04    3.88
2.44    3.75
2.59    3.14
3.40    3.81
3.28    4.13
2.47    3.39
2.92    3.78
3.15    3.13
2.52    3.78
2.67    3.70
2.15    2.50
3.17    3.82
2.82    3.35
2.32    2.94
3.75    4.20
2.01    2.55
3.69    4.22
2.96    3.45
3.01    3.89
2.20    3.76
1.57    3.67
2.17    3.95
3.00    3.67
3.20    3.88
3.11    3.14
2.83    4.27
1.81    4.07
3.24    3.31
1.41    2.50
3.27    3.50
1.57    3.60
3.25    4.21
2.47    2.70
3.40    3.93
2.50    2.82
2.66    4.13
2.32    3.31
2.78    4.05
3.24    4.05
3.28    2.61
3.42    3.88
3.05    3.44
3.57    3.74
3.14    4.14
2.33    3.72
2.75    3.39
1.95    2.53
2.48    3.42
2.35    3.72
3.37    3.84
2.94    3.50
3.77    4.50
3.00    3.35
1.96    2.89
2.81    4.22
2.69    3.56
0.85    3.04
2.60    3.75
2.30    3.50
2.78    4.43
2.23    4.06
2.80    3.81
2.82    3.71
2.25    3.26
2.72    3.72
3.42    3.72
2.14    3.60
3.32    3.76
