5.1212    1.757    1.554    4.75    3.68    3.16
5.1599    1.836    1.296    4.93     3.2    3.17
5.6790    1.877    1.365    5.52    2.76    3.16
6.3289    1.469    1.493    5.52    2.48    3.17
6.7946    2.974    1.635    5.84     2.8    3.16
7.7419    3.712    1.561     6.2    3.81    3.16
8.0178    2.829    1.510    6.66    4.26    3.23
7.8653    3.886    1.196    7.19       5    3.33
7.7140    5.023    1.322     7.2    4.17    3.34
7.4246    6.526    1.545    7.59    6.73    3.42
7.8590    5.615    1.500    8.19    8.22    3.56
7.1660    6.369    1.469     8.1    4.19    3.69
8.0470    5.174    2.085    8.45    4.91    3.81
8.4260    7.299    2.379    9.19    7.17    3.98
8.3740    8.059    2.058    9.84   13.81    4.50
7.5510    7.658    1.353    9.76   20.24    5.35
7.1260    7.981    1.171    8.48   16.95    5.84
7.9290    9.441    1.548    9.64   17.62    6.11
8.1020    8.887    1.990      10   22.59    6.49
8.0150    9.314    2.023   10.68   25.03    6.99
7.6940    9.836    1.749   11.08   34.43    7.87
6.6390    9.327    1.313   11.06   43.22    8.98
5.6950    6.713    1.100   11.24   35.02    9.80
5.7580    9.709    1.072   10.04   11.82   10.00
7.4640    8.517    1.713   11.98   16.16   10.13
7.5500    9.331    1.756   12.72   13.29   10.37
8.1270   11.125    1.745   12.76   12.62   10.32
8.7430   10.415    1.805   13.65   16.07   10.02
8.2150   11.041    1.621   14.44   10.02   10.28
8.6150   13.874    1.488   15.03    25.6   10.69
8.1860   12.572    1.550   15.57   38.98   10.87
