 3.682     71.6
 1.085     13.8
 5.525     71.3
 2.745     38.8
42.480    683.5
 6.122     76.6
 3.458     92.3
 0.836     15.3
 3.169     17.1
28.629    283.4
 9.186    132.9
 5.866     27.4
 1.462     19.3
13.804    263.6
 4.220    109.6
 2.746     51.6
 2.457     50.3
 3.567     64.1
 4.848     71.3
 1.483     23.3
 4.922    118.5
 7.452    146.9
 7.498    194.7
 4.492     94.9
 2.236     38.9
 6.215    102.4
 1.434     14.6
 7.884    129.8
 0.828     10.9
 1.751     31.7
12.539     31.6
 1.408     25.1
11.134    211.2
 2.695     26.4
19.950    450.6
 8.546    217.9
 2.698     55.0
 3.795     59.0
10.060    256.0
 0.708     21.2
 4.831     61.2
 0.834     12.8
 6.779     93.9
20.215    345.0
 2.712     30.0
 1.030     11.2
 9.076    140.2
 1.371     29.4
 5.318    114.5
 4.453     99.9
 1.142      9.3
