    -.373867141813     .903019518493    4.380
    -.230256019461    1.013103823866    4.280
    -.183963336832    1.011481654118    4.920
    -.145262403398    1.055406571108    5.470
    -.119817664514    1.033152718840    4.200
    -.033967692605    1.110300195095    4.400
     .008577207789    1.235220105533    5.680
     .055783505000    1.243617481747    6.340
    -.049299459578    1.129233362741    4.370
    -.044723118417    1.257672657103    3.980
    -.016439528227    1.274864246326    5.010
     .031009737411    1.291970623712    4.030
     .039201316752    1.343539355005    4.740
     .041698099166    1.389246014272    5.580
     .082007399510    1.285821118827    4.790
     .193730597840    1.315795011197    3.450
     .224148049441    1.475856814295    3.420
     .173224856957    1.449152189657    4.740
     .159924888734    1.543238656920    5.870
     .266238730125    1.583120206187    5.420
     .121099322904    1.531891035947    7.370
     .166720983289    1.488527134690    6.530
     .318104492857    1.558068703720    4.420
     .299371339039    1.698251636114    4.970
     .374252870749    1.726302455309    3.900
     .421143509994    1.749585658296    4.
     .391080643539    1.817923589940    4.230
     .429682876976    1.827657847719    4.020
     .449306970473    1.843084282724    4.840
     .450230813534    1.904623077432    5.780
     .437374639220    1.789383587521    3.550
     .436145767025    1.698796332555    2.630
     .485277541083    1.500541803381    2.720
     .469798414045    1.465431339348    1.670
     .548379416729    1.566798627553     .880
     .732668008029    1.724049693434     .750
     .824181896305    1.843672987624     .750
     .756660880356    1.930959080201     .940
     .848482378856    1.848603297899     .860
     .982547751851    1.926093942760     .720
    1.123084437428    2.018275745697     .810
    1.185907513006    2.131855763405     .700
    1.325510139868    2.276417509776     .690
    1.445245899780    2.350274446993     .720
    1.501289531588    2.363659914324     .750
    1.579082027684    2.329062213917     .750
    1.619719105201    2.245169435698     .810
    1.587449625706    2.277181141236    1.058333333333
    1.527032347838    2.314891015313    1.460833333333
    1.524112228812    2.310691680527    1.464166666667
    1.531748258847    2.396007411184    1.493333333333
    1.531750651383    2.498550323254    2.207500
    1.566973487584    2.536289721406    2.325
    1.575044101356    2.574683947608    2.499166666667
    1.572803323034    2.555728655469    1.532500
    1.572596611166    2.612629923494    2.312500
    1.552638299114    2.629744255988    3.363333333333
    1.523077261807    2.644316315624    3.803333333333
    1.513477306632    2.632855666002    2.453333333333
    1.525368194699    2.692379777345    4.099166666667
    1.506693953930    2.713235021761    3.690
    1.516561075381    2.739555040068    2.980
    1.518340032227    2.794970712074    3.267500
    1.532145782011    2.834789743437    3.610
    1.553280814566    2.888234333307    3.987500
    1.569666472101    2.946409270905    4.430
    1.580714935036    3.004007597506    5.622500
    1.592009796166    3.030337332606    5.100
    1.611016652402    3.070850738468    5.974166666667
    1.614871243235    3.092006090312    8.013333333333
    1.596062698200    3.084427575000    7.406666666667
    1.607126117527    3.111800618366    5.023333333333
    1.628829345484    3.159401926643    4.866666666667
    1.634150839864    3.211331193700    8.390833333333
    1.598450312858    3.199665859379    9.722500
    1.551968684481    3.181976942480    6.148333333333
    1.544743464456    3.230117094952    5.300833333333
    1.556031407750    3.276914183830    5.782500
    1.566424325826    3.329559169498    8.288333333333
    1.556168564486    3.350305519053   11.107500
    1.529560351912    3.343136748748   12.494166666667
    1.509581312544    3.360011282664   14.610
    1.511089789416    3.326051691778   11.452500
    1.574237557212    3.362372977725    8.980
    1.602823183317    3.432439285680   10.070833333333
    1.656349316316    3.463516239026    7.961666666667
    1.756292016409    3.489005710264    6.239166666667
    1.833830508224    3.524696306461    6.937500
    1.840472326761    3.568033951828    7.854166666667
    1.805991498060    3.593344535410    8.707500
