  0.5647192   7.818028   3.182212  -2.577022   1.504077     1     1     0
 -0.3046173   7.370231   1.757858  -2.645075  0.5877867     1     0     0
-0.04115807   7.017506   2.379546   -2.60369  0.5877867     1     0     0
   1.342328   6.865891   3.342862  -2.501036   1.064711     1     1     0
  0.4824495   6.270988   2.541602  -2.830218 -0.9162907     1     0     0
 -0.1299428   6.626718   1.629241  -2.703063 -0.9162907     1     0     0
  0.9015596   6.790097   2.549445  -2.645075   1.223775     1     1     0
-0.06025178   6.731018   2.351375  -2.703063  0.3364722     1     0     0
 -0.6756795   6.811244   1.931521  -2.673649 -0.9162907     1     0     0
  0.9557401   6.916715   3.360375   -2.60369   1.335001     1     0     0
  0.8677211   6.810142   2.791165  -2.590267    1.94591     1     0     0
  0.1316535   6.278521   1.686399  -2.617296 0.09531018     1     1     0
   1.409362    7.17549   3.095578  -2.748872  0.9555114     0     0     0
 -0.3277885   6.916715   2.208274  -2.617296   1.547563     1     0     0
  0.2065565   7.234177   2.517696  -2.375156  0.8329091     1     1     0
  0.3420559   6.850126    2.85647  -2.476938  0.8754687     1     1     0
   1.235714   6.066108   2.533697  -2.673649  0.6931472     0     0     0
 0.08971148   6.760415   3.068053  -2.525729  0.9162907     1     0     0
 -0.2026268   7.085064   1.960095  -2.631089  0.9555114     1     1     0
  0.5926588   6.120297   2.580217   -2.60369 -0.5108256     1     1     0
-0.03732292   6.602588   1.987874  -2.631089          0     1     1     0
  0.2896107    6.65544   3.242592  -2.631089          0     1     0     0
  0.4079961   7.587311   2.839078  -2.577022   1.987874     1     0     0
  0.8240051   6.937314   2.116256  -2.590267   1.280934     1     1     0
 -0.3162554   7.258412   1.808289   -2.56395 -0.3566749     1     0     0
  0.4448761   6.289716   2.332144  -2.577022 -0.6931472     1     0     0
  0.1170455   6.961296   2.484907   -2.60369  0.8329091     1     1     0
  0.4141232   6.131226   2.066863  -2.551046 -0.9162907     1     0     0
 0.04082199   7.238497   2.261763  -2.617296  0.5306283     1     1     0
  0.4544727    6.23637   2.388763  -2.718101  0.5306283     1     0     0
 -0.3158212   6.803505   2.624669  -2.513306 0.09531018     1     0     0
  0.3930845   8.469682   3.072693  -2.617296   1.098612     1     1     0
 -0.1890427   7.134094   2.580217  -2.577022  0.6931472     1     0     0
    0.61723   5.948035   2.890372  -2.538307 -0.6931472     1     1     0
  0.2300693    6.65544    2.74084  -2.590267   1.064711     1     0     0
    0.81346   7.392032   2.624669   -2.60369   1.458615     1     1     0
  0.1041951   6.398595   1.410987  -2.513306 0.09531018     1     0     0
  -0.365856   6.386879   1.871802   -2.60369   1.280934     1     0     0
 -0.1472009   7.251345   3.456317   -2.56395  0.8754687     1     1     0
   0.573836   7.079184   3.049273  -2.551046   1.481605     1     1     0
  0.3669061   6.740519   1.916923  -2.577022   1.163151     1     1     0
  0.6902416   6.248043   2.433613  -2.703063   1.252763     1     1     0
   1.466611   8.034307    2.99072  -2.525729   1.974081     1     1     0
  0.3141687    6.88551   2.821379   -2.60369   1.629241     1     1     0
  0.7188809   8.190354   2.912351  -2.476938   1.871802     0     0     0
  0.1349035    8.50025   2.785011  -2.501036    2.00148     0     0     0
  0.7775695   8.476788   3.349904  -2.551046   2.251292     1     1     0
  0.6807018   7.688455   2.867899   -2.56395   2.379546     1     1     0
   1.312635   7.158514   3.104587   -2.56395   2.322388     1     1     0
  -1.111223   11.26294   2.251292  -2.137071   2.261763     0     0     0
  0.9884602   7.675082   3.144152  -2.501036   1.987874     1     1     0
  0.1563777   6.725034   1.774952   -2.65926  0.8329091     1     0     0
  0.7028493   6.981935   2.501436  -2.525729   1.098612     1     1     0
   0.376266   7.419381   2.701361  -2.525729   2.360854     1     1     0
    0.49634   8.814479   2.549445  -2.396896   1.131402     0     0     0
   1.659233   7.934872   3.471966  -2.577022   2.197225     1     1     0
  0.3246169   7.492203   2.694627   -2.60369   2.116256     1     1     0
  0.9307946   7.775696   2.766319  -2.525729   2.174752     1     1     0
  0.9008821   7.176255   2.890372  -2.513306   1.481605     1     1     0
  0.8986155   6.778785   2.631889  -2.673649   1.410987     1     1     0
  0.3565626    7.48493   2.785011  -2.645075  0.4054651     1     0     0
   1.380624   8.158516   3.583519  -2.780621   2.388763     1     1     1
  0.8082513   8.689296   3.152736  -2.918771   2.079442     1     1     1
  0.7442563   8.823059   3.152736  -2.900422   2.230014     1     1     1
  0.6567665   9.053804   3.280911  -2.882404   2.370244     1     1     1
  0.7471983   8.783703   3.608212  -2.864704   2.442347     1     1     1
  0.7336864   8.883917   3.265759  -2.813411   2.186051     1     1     1
   0.687086   8.948326   3.349904  -2.900422   2.128232     1     1     1
   1.112836   7.721792   3.377588  -2.864704   2.066863     1     1     1
  0.6763439   8.391857   3.254243  -2.796881   2.433613     1     1     1
  0.8134374    8.49964   3.214868  -2.882404   1.960095     1     1     1
  0.5386821   8.947546   3.250374  -2.748872   2.370244     1     1     1
  0.9101241   8.979417   3.370738  -2.864704   2.302585     1     1     1
  0.9418418   7.728416   3.113515  -2.882404   1.757858     1     1     1
  0.9668243   8.233769   2.873565  -2.813411   2.079442     1     1     1
  0.6693466   8.962135   3.198673  -2.918771   2.066863     1     1     1
  0.4322031   9.240676   3.391147  -2.847312   1.568616     1     1     1
  0.6700145   7.729296   3.005683  -2.590267   1.704748     1     1     1
  0.5574802   8.940367   2.912351  -2.937463   2.186051     1     1     1
  0.5559704   9.238539   3.148453   -2.65926   2.360854     1     1     1
  0.4629438   9.040738   3.449988   -2.65926   2.282382     1     1     1
  0.2565395   9.161465   3.113515  -2.703063   2.476538     1     1     1
  0.4291799   9.422383   3.049273  -2.733368   2.476538     1     1     1
  0.2903571   8.119696   2.687847  -2.465104    1.94591     1     1     0
  0.5341714   7.569928   2.839078  -2.538307   1.757858     1     1     0
-0.02228367   7.621685   2.079442  -2.488915   1.360977     1     1     0
  0.2012202   7.816417   2.174752  -2.513306  0.8754687     1     1     0
  0.1210219   6.999422   1.960095  -2.764621  0.6418539     1     1     0
  0.2422604    7.26543   2.624669  -2.513306   1.308333     1     1     0
  0.1220943   7.910591   3.025291  -2.718101   2.415914     1     1     0
  0.5568081   8.349721   2.970414  -2.488915    1.88707     1     1     0
  0.2191921   8.069342   2.674149  -2.488915   1.757858     1     1     0
  0.7286227   7.792762   3.261935  -2.525729   2.451005     1     1     0
  0.1985266   9.132703   3.015535  -2.673649   2.174752     1     1     0
  0.1313392   8.487146   3.230804  -2.733368   1.609438     1     1     0
   0.239085   7.388946   2.587764   -2.60369   1.589235     1     1     0
   1.105286   7.518607   3.144152  -2.538307   1.547563     1     1     0
 0.06418916   8.554296   3.391147  -2.617296    2.04122     1     1     0
   0.499913   7.890583   2.890372  -2.525729   1.808289     1     1     0
   0.717418   7.695303   3.194583  -2.551046   1.974081     1     1     0
  0.6962178   7.576097   2.459589   -2.56395   1.481605     1     1     0
  0.1314522   8.104703   2.484907  -2.538307   2.079442     1     1     0
 0.07087948   8.540714     2.4681  -2.882404    1.94591     1     1     0
   -0.49238   9.246383   2.433613  -2.430418    1.94591     1     1     0
