0.35      63     2.5     1.7       7      10       0      55      0
0.46      84     3.6     2.3      18      24      23      50      0
0.36      73     2.7     2.7       6       5       0      66      0
0.48      70     5.4     3.0       5      17       2      57      0
0.52      93     0.3     2.6      12      20       4      37      0
0.50      92     8.2     3.1      13      58       8      40      0
0.61     224     5.1     2.7      23      47       8      37      0
0.50     150     5.1     3.0      30      72      26      26      0
0.49     150     4.0     2.9      18      41       1      11      0
0.45     248     5.9     3.5      38      51      11      32      0
0.54     251     5.1     2.9      47      61      12      34      0
0.66     202     5.9     3.3      34      67      12      33      0
0.57     297     5.4     2.9      47      61      18      26      1
0.50     156     4.6     2.1      32      40      12      24      0
0.43     423     6.5     3.5      34      84      21      29      0
0.49     427     4.2     2.1      69      84      24      11      0
0.56     388     4.5     1.7      30      82      43      10      0
0.52     454     4.9     2.5      35      60      19      12      0
0.58     464     7.3     3.4      50      62      11      16      0
0.61     231     8.0     2.9      45      61      11      16      0
0.54     560     7.8     3.1      41      78      29      23      0
0.61     172     6.1     3.2      43      15      19      17      0
0.42     460     1.2     0.6      73      90      37      19      0
0.42     681     4.2     1.4      71      91      31      17      0
0.33     451     6.8     1.0      28      77      34      24      1
0.52     750     5.9     3.4      68      65      21       6      0
0.37     341     6.9     0.6      43      80      41      23      0
0.38     572     7.3     1.1      57      87      23      21      0
0.30     686     8.5     3.3      78      84      48      11      0
0.43      91     2.9     2.2       9       9       3      58      0
0.32    1599     2.9     0.6      78      98      67       4      0
0.37    1800     3.9     1.7      76      99      73      14      0
0.31     780    10.5     1.0      63      98      74      15      0
0.35    1609     4.9     0.8      37      99      56       9      0
0.32    2057     5.6     1.8      69      98      50       6      0
0.31    3603     4.3     1.2      70      98      64       4      0
0.39    2220     4.4     0.7      72      99      55       7      0
0.24     870     3.8     0.3      40      97      47      24      1
0.25     649     4.3     1.0      47      98      50      26      1
0.18     880     3.2     0.5      47      95      25      16      1
