105.200     36
 91.300     30
 72.500     29
 74.300     28
103.500     26
117.500     26
 64.200     25
 86.700     25
 81.500     23
 98.000     20
 91.200     19
 91.300     19
 93.100     17
 83.000     16
 80.000     12
 55.900     19
 66.000     14
 60.600     10
 56.500     10
 53.900      8
 56.500      8
 43.900     10
 48.000      8
 48.000      8
 47.900      5
 48.200      4
 55.000      3
 53.000      3
 52.000      1
100.600     29
 78.200     18
128.100     17
100.400     30
 58.100     22
108.500     18
 75.300     14
 72.200     29
 78.300     24
114.400     33
 94.900     16
 88.000     31
 98.200     13
 63.600     21
 86.000     10
 80.000     10
 90.100     12
 78.300     29
 66.300     14
 91.300     27
129.000     32
104.000     15
 55.300     23
 51.300      7
 53.000      2
 52.000      3
 55.000      6
 52.400      3
128.000     20
 60.400     25
 78.200     13
135.000     45
 78.300     25
104.000     30
108.000     14
 73.000     25
 98.000     23
 97.400     42
 80.000     13
 72.200     34
 98.000     25
 75.000     13
 70.000      7
 70.000      9
 65.000      7
 70.000      9
 53.000      2
 55.000      6
 47.800      9
 51.000      5
 55.000      5
 52.500      2
 50.500      4
 50.500      4
 50.000      3
 84.400     17
 74.600     27
108.300     37
 82.200     12
 91.500     19
 83.800     25
 80.100     36
 88.000     18
 81.900     22
 88.600     14
 88.600     21
 75.500     27
 85.000     27
100.200     25
115.200     35
 74.000     19
 77.000     34
 80.000     35
 71.200     35
 74.400     34
 81.500     16
 92.600     12
122.500     23
 51.900     14
 55.600     15
 41.300     26
 63.300      6
 62.400      7
 70.500     13
 53.500     26
 47.900      5
 45.800      4
 51.900      8
 47.200      4
 87.700     38
 97.800     37
 99.300     31
 77.500     31
 87.500     31
 72.100     30
 92.500     30
 83.200     27
 66.700     29
107.000     28
 83.600     27
 68.100     25
102.800     24
100.500     24
 67.000     22
 94.300     22
114.500     22
 90.000     22
 87.168     21
 85.500     21
 90.000     20
104.000     19
 76.200     19
 98.500     18
 89.000     15
 82.000     12
 62.900     13
 65.700     12
 61.200     12
 78.500     11
 68.000     10
 64.000      9
 64.800      8
 69.000      8
 74.000      7
 48.700     14
 49.500     11
 50.700      6
 46.000      5
 50.000      4
 50.500      3
 50.000      3
 50.000      3
 48.700      2
126.000     28
121.000     26
121.000     37
121.000     18
121.000     16
121.000     28
121.000     22
120.500     13
116.500     26
115.700     22
115.485     34
114.920     28
114.500     34
113.330     31
112.000     40
109.650     40
107.640     28
105.155     17
100.000     26
 97.000     26
 95.800     44
 90.045     21
 90.000     15
 87.000     27
 85.500     29
 73.000     10
 60.000      6
 57.850     13
 54.445      5
 53.500      9
 52.650      7
 51.850      5
 51.750      7
 50.250      2
 50.250      2
 50.000      1
 50.000      1
153.000     28
135.000     15
121.000     30
107.500     25
103.000     29
 91.000     33
 93.000     18
 83.000     20
 70.000     27
 68.000     21
 66.500     26
 66.000     12
 82.000     20
 74.000     11
 60.500     10
 58.000     11
 57.500     10
 55.000     14
 54.000      7
 54.000      6
 51.000      3
 51.000      4
 51.000      2
