1973.01   3.196
1973.02   3.005
1973.03   2.813
1973.04   2.837
1973.05   2.790
1973.06   2.578
1973.07   2.335
1973.08   2.426
1973.09   2.424
1973.10   2.414
1973.11   2.580
1973.12   2.657
1974.01   2.815
1974.02   2.714
1974.03   2.617
1974.04   2.526
1974.05   2.461
1974.06   2.525
1974.07   2.553
1974.08   2.618
1974.09   2.661
1974.10   2.593
1974.11   2.510
1974.12   2.450
1975.01   2.364
1975.02   2.327
1975.03   2.319
1975.04   2.376
1975.05   2.350
1975.06   2.340
1975.07   2.471
1975.08   2.574
1975.09   2.618
1975.10   2.581
1975.11   2.589
1975.12   2.622
1976.01   2.602
1976.02   2.562
1976.03   2.560
1976.04   2.538
1976.05   2.562
1976.06   2.577
1976.07   2.574
1976.08   2.529
1976.09   2.489
1976.10   2.429
1976.11   2.413
1976.12   2.383
1977.01   2.393
1977.02   2.405
1977.03   2.392
1977.04   2.374
1977.05   2.359
1977.06   2.356
1977.07   2.282
1977.08   2.317
1977.09   2.324
1977.10   2.278
1977.11   2.241
1977.12   2.151
1978.01   2.118
1978.02   2.077
1978.03   2.033
1978.04   2.042
1978.05   2.105
1978.06   2.084
1978.07   2.056
1978.08   1.997
1978.09   1.969
1978.10   1.837
1978.11   1.904
1978.12   1.879
1979.01   1.850
1979.02   1.857
1979.03   1.860
1979.04   1.896
1979.05   1.908
1979.06   1.884
1979.07   1.824
1979.08   1.829
1979.09   1.794
1979.10   1.789
1979.11   1.771
1979.12   1.734
1980.01   1.725
1980.02   1.748
1980.03   1.851
1980.04   1.876
1980.05   1.791
1980.06   1.767
1980.07   1.747
1980.08   1.790
1980.09   1.789
1980.10   1.842
1980.11   1.919
1980.12   1.970
1981.01   2.011
1981.02   2.139
1981.03   2.106
1981.04   2.164
1981.05   2.294
1981.06   2.378
1981.07   2.440
1981.08   2.501
1981.09   2.352
1981.10   2.254
1981.11   2.229
1981.12   2.258
1982.01   2.294
1982.02   2.366
1982.03   2.380
1982.04   2.397
1982.05   2.313
1982.06   2.429
1982.07   2.466
1982.08   2.481
1982.09   2.505
1982.10   2.532
1982.11   2.554
1982.12   2.419
1983.01   2.389
1983.02   2.428
1983.03   2.411
1983.04   2.440
1983.05   2.467
1983.06   2.549
1983.07   2.591
1983.08   2.674
1983.09   2.668
1983.10   2.603
1983.11   2.685
1983.12   2.750
1984.01   2.811
1984.02   2.698
1984.03   2.597
1984.04   2.647
1984.05   2.748
1984.06   2.740
1984.07   2.849
1984.08   2.886
1984.09   3.031
1984.10   3.068
1984.11   2.998
1984.12   3.104
1985.01   3.171
1985.02   3.303
1985.03   3.298
1985.04   3.095
1985.05   3.109
1985.06   3.064
1985.07   2.908
1985.08   2.794
1985.09   2.838
1985.10   2.645
1985.11   2.595
1985.12   2.512
1986.01   2.438
