1	110242	96522	1390399	1228870	113861	83669	119491	81	1
2	144913	80401	536724	161918	89736	126430	93823	100	1
3	118663	91134	2320330	645209	103507	101651	99781	25	0
4	164048	97948	604778	199179	107076	145223	97501	94	1
5	142618	52940	814857	18792	119678	70925	120577	19	0
6	156958	86278	542131	292181	155513	78166	169301	19	0
7	137089	42542	434745	41147	131707	50140	140159	13	0
8	175216	25739	465863	0	165795	31282	187201	13	0
9	154806	37126	415090	34491	156998	26321	186714	0	0
11	107477	65536	470749	17862	85117	84303	79432	94	1
12	149052	49278	591305	4016	141084	58260	139244	13	0
13	114408	53385	630357	60106	115633	51084	116829	6	0
14	149313	71573	544566	432849	137561	73302	143727	29	0
15	132737	79048	2177865	64732	125438	83846	127060	88	1
16	94020	43197	191393	77796	91786	43257	86418	31	0
17	115116	73856	563235	455239	109941	64178	111937	31	0
18	108827	52695	678001	75271	77560	76217	74357	63	0
19	137402	58452	618220	6509	85744	111666	85049	94	1
20	65381	45276	662818	505054	62164	48446	55942	44	0
21	125916	50694	768689	33295	66492	109344	66284	94	1
23	118880	70035	294940	24642	93046	85508	82613	100	1
25	122428	65089	384011	16434	84212	97002	83305	100	1
26	67525	29332	408096	78469	71416	27129	72673	19	0
28	113389	69037	396104	50651	88709	86358	82958	100	1
29	145278	52857	365082	135677	150771	53354	183233	13	0
30	58283	15078	223890	0	61114	17053	56378	23	0
31	69285	28705	83015	39439	70288	27736	59616	31	0
32	124712	18768	97495	0	130394	19348	147623	19	0
33	47478	8147	144278	6208	48636	8538	33642	25	0
34	94730	36852	207398	11171	91603	39277	78889	14	0
35	92762	13116	235851	2428	92773	12063	100432	19	0
36	117752	98538	1579938	486564	109244	96872	111014	60	0
37	87247	15399	327257	42972	88877	13874	90523	20	0
38	88136	71627	470077	1011672	91673	62053	88728	80	1
39	120761	61392	489076	0	83246	97247	78305	88	1
40	98821	44102	239448	12085	73316	94916	76363	94	1
41	83934	47346	579673	0	71393	76867	64666	100	1
42	52166	51170	722544	685623	76745	51106	76964	25	0
43	97247	67422	594665	47371	78384	82940	76040	100	1
44	110643	73844	458527	116240	85397	86414	87180	94	1
45	125326	68312	272859	51491	81299	108240	80646	93	1
47	160078	70362	527738	73980	91916	137024	86279	88	1
48	145814	59558	264625	10645	80646	132545	71621	93	1
49	108806	86657	1122073	450424	110920	91478	114081	94	1
50	73200	38351	1142370	120562	78881	42730	69546	29	0
51	149032	66250	425525	19935	97128	130459	86870	81	1
52	116746	53104	632305	40178	81401	94035	74913	94	1
