 1.142     9.300    0.470
 1.030    11.200    0.576
 3.169    17.100    0.579
 1.085    13.800    0.598
 0.828    10.900    0.637
 0.836    15.300    0.698
 0.834    12.800    0.716
 1.434    14.600    0.841
 0.708    21.200    1.000
 1.462    19.300    1.100
 1.408    25.100    1.124
 5.866    27.400    1.166
 1.483    23.300    1.240
12.539    31.600    1.382
 1.751    31.700    1.613
 2.695    26.400    1.616
 1.371    29.400    1.818
 2.712    30.000    1.860
 2.745    38.800    2.426
 2.457    50.300    2.535
 2.236    38.900    2.640
 2.746    51.600    2.821
 3.795    59.000    3.035
 2.698    55.000    3.233
 3.458    92.300    3.278
 6.122    76.600    3.564
 4.831    61.200    3.630
 3.567    64.100    3.794
 5.525    71.300    3.945
 3.682    71.600    4.181
 4.848    71.300    4.290
 4.492    94.900    4.524
 4.922   118.500    4.958
 4.453    99.900    5.044
 6.779    93.900    5.094
 6.215   102.400    5.235
 5.318   114.500    5.259
 4.220   109.600    5.706
 7.452   146.900    6.018
 9.076   140.200    6.473
 9.186   132.900    6.902
 7.884   129.800    6.952
11.134   211.200    7.859
 7.498   194.700    9.460
 8.546   217.900   11.061
13.804   263.600   11.686
10.060   256.000   12.030
28.629   283.400   13.726
20.215   345.000   18.022
19.950   450.600   18.153
42.480   683.500   31.217
