 1.835     14.947
 2.525     17.825
 0.947      7.417
14.551     99.257
 1.880     14.139
10.846     67.088
43.144    291.690
22.328    148.626
23.306    168.778
19.741    148.230
10.066     75.257
26.720    181.322
17.823    131.884
 9.137     69.841
 9.149     67.253
 4.496     34.818
 9.037     66.759
 0.963      7.228
 1.129      8.071
 2.691     20.431
 4.570     33.449
 1.504     11.114
11.401     84.009
 1.559     10.226
13.334     96.314
 2.263     18.243
11.137     88.167
 5.014     41.733
11.878     89.568
27.732    187.754
 5.297     41.645
 8.729     62.725
 6.126     47.859
 2.865     24.286
 3.092     24.763
 5.992     45.044
 4.556     35.342
32.855    224.455
 1.165      9.168
 1.580     12.478
 0.895      6.198
 7.366     52.167
 2.119     17.171
 6.107     47.305
 2.524     21.057
 3.456     22.041
11.940     81.105
 5.145     39.711
62.480    453.941
 1.504      9.747
 2.472     18.399
