104   1420   2734.4   12.63   1  1815.86    4397  1939    5.2    175.5    839
 85   1390   2479.2   47.14   1   804.86    5667   933    8.7    400.1    840
127   3375   4845.0   42.77   1  1907.86   15817   379   14.4   4079.8   1867
145   6979  19733.8   33.18   0  1876.08   32698   961  100.7   7260.1   5753
 84   1556   4093.6   34.55   1   340.93    6250  1791    9.4     60.6   1498
135   1228   1849.8   14.81   0   335.52    4705   346    9.0    609.4    596
 88   1985   4179.4   45.94   1   315.78    7165  1791  169.8   1843.8   1064
118   1110   2525.3   39.25   0   360.39    4472   589    9.9    424.8    508
 74    609   1899.2   42.36   1 12957.50    2658   478    9.4   2535.2    742
104   7032  15257.1   12.63   1  1728.19   33885  1939   60.0    855.9   5916
 64   1268   1219.0   59.76   1   620.96    5160  1305    3.4    498.7    937
 75   1046    992.9   53.90   1   529.62    3738   952   32.1     72.4    344
131  11529  15120.8   42.37   1  5397.47   59460  1665   32.5   4542.1   9466
129   4818   9189.9   42.48   1  1356.04   19224  1271   73.3  19122.9   3161
 84   1009   1596.9   37.18   1   276.44    3944   197   11.4   1434.5    669
165   2401   4157.3   36.14   1   787.47    9281  1271   98.6   2985.1    981
 80   1358   1185.2   12.63   1   318.63    5012  1939    1.7     39.9    363
 59   3110   3817.7   18.69   1  1255.04   15710  1939   40.2    659.9   1480
110    679   1686.2   35.35   0   750.28    2509  1145   17.9    374.0    388
120    721   1322.0   35.08   1   325.36    2627  1665    6.9     75.4    305
118   2071   3476.2   43.05   1   916.78    8019   392   27.4   7679.1    878
120    739   1123.8   68.13   1   271.59    2425   876   24.5    819.7    380
120    372   1151.6   35.35   0   645.83    1364  1145   14.4    451.1    221
 59   1065   2896.3   18.69   1   819.23    4155  1939    7.0     18.4    559
 74   1857   5608.6   42.36   1  2649.07    8947   478   25.1   7298.4   1748
124   1404   3700.0   29.51   0  9642.86    5952   285   16.5    692.2   1027
 69    817   1395.5   42.92   1  1105.55    4146   177    4.3   1402.3    437
118    827   3022.8   41.32   0   910.79    3207   589   15.3    225.1    465
129    539   1515.4   31.22   0   379.58     853   853    5.2    177.3    479
129    693   1878.9   30.95   0   455.92     853   853   19.3    297.8    453
