199.9  	1065  	3  	1.75  	1  	0  	0  	
228  	1254  	3  	2  	0  	0  	0  	
235  	1300  	3  	2  	1  	1  	1  	
285  	1577  	4  	2.5  	0  	1  	1  	
239  	1600  	3  	2  	0  	1  	1  	
293  	1750  	4  	2  	0  	0  	1  	
285  	1800  	4  	2.75  	0  	1  	1  	
365  	1870  	4  	2  	1  	1  	1  	
295  	1935  	4  	2.5  	0  	1  	1  	
290  	1948  	4  	2  	0  	1  	1  	
385  	2254  	4  	3  	1  	1  	1  	
505  	2600  	3  	2.5  	1  	1  	1  	
425  	2800  	4  	3  	0  	1  	1  	
415  	3000  	4  	3  	0  	1  	1  	
