 52.000      1
 50.000      1
 50.000      1
 53.000      2
 53.000      2
 52.500      2
 48.700      2
 50.250      2
 50.250      2
 51.000      2
 55.000      3
 53.000      3
 52.000      3
 52.400      3
 50.000      3
 50.500      3
 50.000      3
 50.000      3
 51.000      3
 48.200      4
 50.500      4
 50.500      4
 45.800      4
 47.200      4
 50.000      4
 51.000      4
 47.900      5
 51.000      5
 55.000      5
 47.900      5
 46.000      5
 54.445      5
 51.850      5
 55.000      6
 55.000      6
 63.300      6
 50.700      6
 60.000      6
 54.000      6
 51.300      7
 70.000      7
 65.000      7
 62.400      7
 74.000      7
 52.650      7
 51.750      7
 54.000      7
 53.900      8
 56.500      8
 48.000      8
 48.000      8
 51.900      8
 64.800      8
 69.000      8
 70.000      9
 70.000      9
 47.800      9
 64.000      9
 53.500      9
 60.600     10
 56.500     10
 43.900     10
 86.000     10
 80.000     10
 68.000     10
 73.000     10
 60.500     10
 57.500     10
 78.500     11
 49.500     11
 74.000     11
 58.000     11
 80.000     12
 90.100     12
 82.200     12
 92.600     12
 82.000     12
 65.700     12
 61.200     12
 66.000     12
 98.200     13
 78.200     13
 80.000     13
 75.000     13
 70.500     13
 62.900     13
120.500     13
 57.850     13
 66.000     14
 75.300     14
 66.300     14
108.000     14
 88.600     14
 51.900     14
 48.700     14
 55.000     14
104.000     15
 55.600     15
 89.000     15
 90.000     15
135.000     15
 83.000     16
 94.900     16
 81.500     16
121.000     16
 93.100     17
128.100     17
 84.400     17
105.155     17
 78.200     18
108.500     18
 88.000     18
 98.500     18
121.000     18
 93.000     18
 91.200     19
 91.300     19
 55.900     19
 91.500     19
 74.000     19
104.000     19
 76.200     19
 98.000     20
128.000     20
 90.000     20
 83.000     20
 82.000     20
 63.600     21
 88.600     21
 87.168     21
 85.500     21
 90.045     21
 68.000     21
 58.100     22
 81.900     22
 67.000     22
 94.300     22
114.500     22
 90.000     22
121.000     22
115.700     22
 81.500     23
 55.300     23
 98.000     23
122.500     23
 78.300     24
102.800     24
100.500     24
 64.200     25
 86.700     25
 60.400     25
 78.300     25
 73.000     25
 98.000     25
 83.800     25
100.200     25
 68.100     25
107.500     25
103.500     26
117.500     26
 41.300     26
 53.500     26
121.000     26
116.500     26
100.000     26
 97.000     26
 66.500     26
 91.300     27
 74.600     27
 75.500     27
 85.000     27
 83.200     27
 83.600     27
 87.000     27
 70.000     27
 74.300     28
107.000     28
126.000     28
121.000     28
114.920     28
107.640     28
153.000     28
 72.500     29
100.600     29
 72.200     29
 78.300     29
 66.700     29
 85.500     29
103.000     29
 91.300     30
100.400     30
104.000     30
 72.100     30
 92.500     30
121.000     30
 88.000     31
 99.300     31
 77.500     31
 87.500     31
113.330     31
129.000     32
114.400     33
 91.000     33
 72.200     34
 77.000     34
 74.400     34
115.485     34
114.500     34
115.200     35
 80.000     35
 71.200     35
105.200     36
 80.100     36
108.300     37
 97.800     37
121.000     37
 87.700     38
112.000     40
109.650     40
 97.400     42
 95.800     44
135.000     45
