4000    1280     2000   10500     11     1     1     5     0
4000    1280     2000   10500     11     1     1     5     0
4000    1280     2000   10500     11     1     1     5     0
4000    1280     2000   10500     11     1     1     5     0
4000    1280     2000   10500     11     1     1     5     0
2561     868    11586    8000     14     1     1     2     0
2561     868    11586    8000     14     1     1     2     0
2561     868    11586    8000     14     1     1     2     0
 101     692     6000    3500     15     1     1     5     0
 101     692     6000    3500     15     1     1     5     0
 101     692     6000    3500     15     1     1     5     0
 101     692     6000    3500     15     1     1     5     0
 101     692     6000    3500     15     1     1     5     0
 779    2080        0       0     11     1     1     2     0
 779    2080        0       0     11     1     1     2     0
 544     348    18249       0     10     1     0     1     0
 544     348    18249       0     10     1     0     1     0
 376    1732      850       0     10     1     0     3     0
 376    1732      850       0     10     1     0     3     0
 376    1732      850       0     10     1     0     3     0
 825     312    16000       0      9     0     0     2     1
 825     312    16000       0      9     0     0     2     1
3476     880     8693       0     12     1     1     5     1
3476     880     8693       0     12     1     1     5     1
3476     880     8693       0     12     1     1     5     1
3476     880     8693       0     12     1     1     5     1
3476     880     8693       0     12     1     1     5     1
3476     880     8693       0     12     1     1     5     1
 575     520    12000       0     11     1     0     1     0
 575     520    12000       0     11     1     0     1     0
3400    1040     9800     500     12     1     1     3     0
3400    1040     9800     500     12     1     1     3     0
3400    1040     9800     500     12     1     1     3     0
 884     520     5848       0     12     0     0     3     0
 884     520     5848       0     12     0     0     3     0
 884     520     5848       0     12     0     0     3     0
 300    1040     4400     536     11     1     1     2     0
 300    1040     4400     536     11     1     1     2     0
1557    2080        0       0      9     1     1     2     0
1557    2080        0       0      9     1     1     2     0
1557    2080        0       0      9     1     1     2     0
1557    2080        0       0      9     1     1     2     0
1520     692     6028   10099     14     1     1     4     0
1520     692     6028   10099     14     1     1     4     0
1520     692     6028   10099     14     1     1     4     0
1520     692     6028   10099     14     1     1     4     0
 410      80    23056       0      8     1     1     3     1
 410      80    23056       0      8     1     1     3     1
 410      80    23056       0      8     1     1     3     1
2835    1240     4200       0     12     0     0     3     0
2835    1240     4200       0     12     0     0     3     0
2835    1240     4200       0     12     0     0     3     0
 480     240     9290       0     12     1     1     4     0
 480     240     9290       0     12     1     1     4     0
 480     240     9290       0     12     1     1     4     0
 480     240     9290       0     12     1     1     4     0
 858     260     9000    6000      9     1     1     5     0
 858     260     9000    6000      9     1     1     5     0
 858     260     9000    6000      9     1     1     5     0
 858     260     9000    6000      9     1     1     5     0
 858     260     9000    6000      9     1     1     5     0
 846    1388     6300       0      7     1     1     4     0
 846    1388     6300       0      7     1     1     4     0
 846    1388     6300       0      7     1     1     4     0
 846    1388     6300       0      7     1     1     4     0
 846    1388     6300       0      7     1     1     4     0
 846    1388     6300       0      7     1     1     4     0
 330     120    18430    7000     12     1     1     2     0
 330     120    18430    7000     12     1     1     2     0
  95      40     8900       0     12     0     0     3     0
  95      40     8900       0     12     0     0     3     0
  95      40     8900       0     12     0     0     3     0
 124     240     7000    8000     12     1     1     4     0
 124     240     7000    8000     12     1     1     4     0
 124     240     7000    8000     12     1     1     4     0
 124     240     7000    8000     12     1     1     4     0
 236     120    11000    8300     12     1     1     3     1
 236     120    11000    8300     12     1     1     3     1
 236     120    11000    8300     12     1     1     3     1
3068    1040     8050    9050     12     1     1     4     0
3068    1040     8050    9050     12     1     1     4     0
3068    1040     8050    9050     12     1     1     4     0
3068    1040     8050    9050     12     1     1     4     0
6136    1388     2000       0     12     1     0     5     0
6136    1388     2000       0     12     1     0     5     0
6136    1388     2000       0     12     1     0     5     0
3200    1400     3000    9000     12     1     1     3     1
3200    1400     3000    9000     12     1     1     3     1
3200    1400     3000    9000     12     1     1     3     1
4500    1880     2100       0     13     0     0     4     0
4500    1880     2100       0     13     0     0     4     0
4500    1880     2100       0     13     0     0     4     0
4500    1880     2100       0     13     0     0     4     0
 752     520     9744       0     14     0     0     4     0
 752     520     9744       0     14     0     0     4     0
 752     520     9744       0     14     0     0     4     0
 752     520     9744       0     14     0     0     4     0
 752     520     9744       0     14     0     0     4     0
1200    1040     9000     400     13     1     1     2     0
1200    1040     9000     400     13     1     1     2     0
1989     720     8211   13757     12     1     0     2     0
1989     720     8211   13757     12     1     0     2     0
 900     240    11000    5700     12     1     1     4     1
 900     240    11000    5700     12     1     1     4     1
 900     240    11000    5700     12     1     1     4     1
 900     240    11000    5700     12     1     1     4     1
 560      80    11000       0     12     0     0     8     1
 560      80    11000       0     12     0     0     8     1
 560      80    11000       0     12     0     0     8     1
 560      80    11000       0     12     0     0     8     1
 560      80    11000       0     12     0     0     8     1
 560      80    11000       0     12     0     0     8     1
 560      80    11000       0     12     0     0     8     1
 560      80    11000       0     12     0     0     8     1
 865     692     2550       0     13     0     0     1     1
 865     692     2550       0     13     0     0     1     1
4389    1040    13400    8400      7     1     1     6     1
4389    1040    13400    8400      7     1     1     6     1
4389    1040    13400    8400      7     1     1     6     1
4389    1040    13400    8400      7     1     1     6     1
4389    1040    13400    8400      7     1     1     6     1
4389    1040    13400    8400      7     1     1     6     1
2704    1040        0       0     10     0     0     1     0
 800     344    11100       0     12     1     0     1     0
 800     344    11100       0     12     1     0     1     0
 800     344    11100       0     12     1     0     1     0
 800     344    11100       0     12     1     0     1     0
9672    2080        0    2224     11     1     1     6     0
9672    2080        0    2224     11     1     1     6     0
9672    2080        0    2224     11     1     1     6     0
9672    2080        0    2224     11     1     1     6     0
9672    2080        0    2224     11     1     1     6     0
9672    2080        0    2224     11     1     1     6     0
 650     360    16000   18000     12     1     1     3     1
 650     360    16000   18000     12     1     1     3     1
 650     360    16000   18000     12     1     1     3     1
4320     692    22000   12000     12     1     1     3     1
4320     692    22000   12000     12     1     1     3     1
4320     692    22000   12000     12     1     1     3     1
2832     960     9000       0     10     1     0     1     0
 400     160    16000   16000     16     1     1     2     1
 400     160    16000   16000     16     1     1     2     1
 444     140    23000       0     11     1     1     4     1
 444     140    23000       0     11     1     1     4     1
 444     140    23000       0     11     1     1     4     1
 444     140    23000       0     11     1     1     4     1
2562     560    32000       0     12     1     1     3     0
2562     560    32000       0     12     1     1     3     0
2562     560    32000       0     12     1     1     3     0
2522    1040     5582       0     14     0     0     4     0
2522    1040     5582       0     14     0     0     4     0
2522    1040     5582       0     14     0     0     4     0
2522    1040     5582       0     14     0     0     4     0
2392     692    16000   13200     12     1     1     2     0
2392     692    16000   13200     12     1     1     2     0
1092     360    22000    8000     12     1     1     3     0
1092     360    22000    8000     12     1     1     3     0
1092     360    22000    8000     12     1     1     3     0
 471     348     7467    8142     11     1     1     6     0
 471     348     7467    8142     11     1     1     6     0
 471     348     7467    8142     11     1     1     6     0
 471     348     7467    8142     11     1     1     6     0
 471     348     7467    8142     11     1     1     6     0
 471     348     7467    8142     11     1     1     6     0
2091     606    14000     400     11     1     1     3     1
2091     606    14000     400     11     1     1     3     1
2091     606    14000     400     11     1     1     3     1
1300     344     8400       0      9     0     0     9     0
1300     344     8400       0      9     0     0     9     0
1300     344     8400       0      9     0     0     9     0
1300     344     8400       0      9     0     0     9     0
1300     344     8400       0      9     0     0     9     0
1300     344     8400       0      9     0     0     9     0
1300     344     8400       0      9     0     0     9     0
1300     344     8400       0      9     0     0     9     0
1300     344     8400       0      9     0     0     9     0
2000     868    19000   13000     12     1     1     3     0
2000     868    19000   13000     12     1     1     3     0
2000     868    19000   13000     12     1     1     3     0
1600     692    12000    9000      9     1     0     2     0
1600     692    12000    9000      9     1     0     2     0
1296    1600     3000   14000     11     1     1     4     0
1296    1600     3000   14000     11     1     1     4     0
1296    1600     3000   14000     11     1     1     4     0
1296    1600     3000   14000     11     1     1     4     0
1430    2080        0       0      9     1     0     1     0
3640    1040     9000       0     14     1     0     3     0
3640    1040     9000       0     14     1     0     3     0
3640    1040     9000       0     14     1     0     3     0
3640    1040     9000       0     14     1     0     3     0
 140      40    17400       0     14     0     0     1     0
3198     692    16000       0     12     1     1     8     1
3198     692    16000       0     12     1     1     8     1
3198     692    16000       0     12     1     1     8     1
3198     692    16000       0     12     1     1     8     1
3198     692    16000       0     12     1     1     8     1
3198     692    16000       0     12     1     1     8     1
3198     692    16000       0     12     1     1     8     1
3198     692    16000       0     12     1     1     8     1
1816    2080        0       0     12     0     0     3     0
1816    2080        0       0     12     0     0     3     0
1816    2080        0       0     12     0     0     3     0
4297     692    18000       0     12     1     1     3     1
4297     692    18000       0     12     1     1     3     1
4297     692    18000       0     12     1     1     3     1
 879     348     2000       0     12     1     0     1     0
1250     692     9000       0     17     0     0     1     0
1170     240    19000    2500     12     1     1     3     1
1170     240    19000    2500     12     1     1     3     1
1170     240    19000    2500     12     1     1     3     1
4330    1720     7000       0     12     1     0     3     0
4330    1720     7000       0     12     1     0     3     0
4330    1720     7000       0     12     1     0     3     0
4095    1560     4000     898     13     1     1     3     0
4095    1560     4000     898     13     1     1     3     0
4095    1560     4000     898     13     1     1     3     0
 540     344    22000       0     12     1     1     8     0
3000    1040     6113       0     12     0     0     3     0
3000    1040     6113       0     12     0     0     3     0
3000    1040     6113       0     12     0     0     3     0
1384     692     6750       0     11     1     1     5     0
1384     692     6750       0     11     1     1     5     0
1384     692     6750       0     11     1     1     5     0
1384     692     6750       0     11     1     1     5     0
1384     692     6750       0     11     1     1     5     0
1521     692     1900       0     11     0     0     4     0
1521     692     1900       0     11     0     0     4     0
1521     692     1900       0     11     0     0     4     0
1521     692     1900       0     11     0     0     4     0
3640    1616    10000       0     12     1     1     7     1
3640    1616    10000       0     12     1     1     7     1
3640    1616    10000       0     12     1     1     7     1
3640    1616    10000       0     12     1     1     7     1
3640    1616    10000       0     12     1     1     7     1
3640    1616    10000       0     12     1     1     7     1
3640    1616    10000       0     12     1     1     7     1
5000    1560     3000       0     12     1     0     7     0
5000    1560     3000       0     12     1     0     7     0
5000    1560     3000       0     12     1     0     7     0
5000    1560     3000       0     12     1     0     7     0
5000    1560     3000       0     12     1     0     7     0
5000    1560     3000       0     12     1     0     7     0
5000    1560     3000       0     12     1     0     7     0
5000    1560     3000       0     12     1     0     7     0
 220     692    15000    8000     10     1     1     5     0
 220     692    15000    8000     10     1     1     5     0
 220     692    15000    8000     10     1     1     5     0
 220     692    15000    8000     10     1     1     5     0
 220     692    15000    8000     10     1     1     5     0
1312     960    13000   10000     16     1     1     2     0
1312     960    13000   10000     16     1     1     2     0
1312     960    13000   10000     16     1     1     2     0
