1948      51     278      92      38      65      35      55      73
1949      51     272      94      45      72      36      57      74
1950      51     261      95      52      73      44      56      74
1951      54     251      97      58      76      43      59      80
1952      55     243      98      63      79      44      58      82
1953      55     230      99      66      81      43      60      79
1954      56     224     100      69      81      44      55      75
1955      58     227     100      70      83      46      62      78
1956      58     215     101      71      83      51      64      78
1957      57     201     101      69      82      49      67      80
1958      60     192     101      68      80      50      71      83
1959      62     191     101      68      81      57      72      95
1960      63     186     101      69      82      59      71      95
1961      65     181      98      68      84      62      68      93
1962      65     179      97      67      85      56      70      94
1963      67     174      97      67      86      62      73      95
1964      67     164      97      67      88      67      71      93
1965      68     160      96      69      89      72      70      94
1966      68     149      95      71      90      83      75      95
1967      71     142      98      73      90      79      75      95
1968      72     137      96      76      90      68      76      94
1969      73     135      95      78      92      73      81      92
1970      73     133      95      78      92      76      83      89
1971      78     131      97      79      90      80      81      86
1972      78     129      95      79      89      85      83      87
1973      81     129      99      81      90      95      83      94
1974      77     120     100      85      86     100      82      99
1975      81     120      99      89     101      92      78      97
1976      83     118     100      91     113     101      82     100
1977      88     114     100      94     119      99      78     102
1978      89     110      99      96     125     109      90     119
1979      95     106     100      99     113     120      97     127
1980      91     102     102     102     110     133     102     116
1981     100     102     102     102     106     132      97     109
1982     100     100     100     100     100     100     100     100
1983      88      95      93      95      97      93     102     106
1984      99      95      98      91     100     106      92     109
1985     103      91      97      86      90     100      93     103
1986     100      85      95      80      84     110      94      93
1987     102      84      91      74      93     101      91      97
1988      95      86      91      70      93      92      89      86
1989     103      85      92      67      92      96      86      91
1990     108      85      91      65      92      98      93     103
1991     108      87      91      63      92     103      91     110
1992     116      82      91      61      92     103      96     114
1993     108      81      89      60      92     106      96     126
