 7368    1861     40   12500    4470  188120      1     73     99
16884    1855     45   11880    4955  180186      1     68     86
11406    1964     35    1545    4916  133243      0     11     35
23670    1919     35    1408    3110  125483      0     15     41
21075    1865     45   12300    4020  112707      1     51     82
13063    1701     40   12120    4900  111657      1     81     88
14220    1636     40   12890    4210  110356      1     80     87
12800    1740     50   11976    4865  103487      1     65     85
21667    1868     35    1476    4382   96834      0     43     70
10837    1880     40   10564    3922   77533      1     10     27
 7142    1853     30   11512    4168   72750      1     33     64
 4325    1890     30   12460    4730   71535      1     59     71
 6924    1850     35   11456    4598   71521      1     27     62
15120    1838     45   10320    3804   70034      1     58     85
10383    1831     35   11130    5416   68372      1     24     39
 1589    1891     25   11159    4412   59707      1     75    100
12924    1885     25    1196    2712   51123      0      9     23
 1703    1826     20   10400    3970   49331      1     29     69
11831    1853     15    1008    3240   48911      0      5     19
19644    1869     35   11950    4900   38406      1     32     49
11944    1851     30   11637    3999   43609      1     44     68
12660    1746     40   12550    4368   42674      1     76     93
13708    1881     20    2133    2610   32604      0     16     37
 6000    1836     25   10190    3612   30981      1     23     49
11988    1764     40   12960    4075   29987      1     67     82
 6946    1965     20    2202    3732   29209      0      7     23
18732    1898     35    1320    3803   29770      0      9     27
 9414    1852     35   12088    4940   27475      1     42     76
 5058    1850     15    6290    3050   22612      1      9     24
10918    1851     15     986    2550   21418      0     18     25
13114    1849     10    1570    2700  120626      0     16     43
14482    1867     25    2092    3386   88986      0     21     56
16031    1881     50     858    3800   74028      0     18     37
22251    1863     10    2046    2046   26190      0      9     23
