5222     2411      771   29.291    28.2     6.7     339    1339
 965     2656      668   21.748    25.6     8.3     326    1339
  86     8775     2229   31.938    21.4     6.9     425    1561
2587     7436     2445   30.925    17.6     8.4     554    1561
 905     6653     1774   27.095      10     9.5     596    1561
2641     3546     1894   33.686    31.2     6.2     345    1561
 629    15609     2989   33.414     7.4     6.3    1349    1561
1662     4678     2591   46.206    27.3     5.5     419    1561
 850     3975     1158   28.183    38.8     7.6     417    1561
 506     3156      790   25.106    -1.8     6.8     836    1036
4518      871      629   28.305    22.2     5.7     391    1195
 552    10309      792   16.925     5.9      11     476    1195
 630     2996      712   22.275    -7.1     9.2     566    1180
1733    12185      787   26.301    -7.9    11.3     572    1240
3594     2064      608   29.006     6.5     5.6     574    1211
 182     2711      696   18.477   -12.2    12.7     605    1017
  78     8986      547   24.045    -7.7     9.2     903    1447
 100    11398     1614    29.18      -2     8.3    1117    1725
 309     7297      256   18.742   -15.9    19.7     536    1393
1314     1385      561   26.713    -3.7     7.3     758    1047
  39     6199      507   19.458   -15.3      11     698    1047
1929     3014      859   27.555    19.7     6.4     344    1718
3882    23671     1896   29.823     3.4       9    2341    1724
  97     6526      409   17.822   -12.4      14     539    1156
3517     3368      660   26.651    13.8     5.9     453    1156
 653     4719      619   21.006    -5.5     7.9     653    1156
1689      746      549   25.741    12.4     7.2     436    1289
1079     3572      592   25.592      21     6.2     464    1205
 250    11492      494   24.603      -8     9.7     935    1380
 120     6598      412   20.747   -13.5     9.1     640    1380
1914     1046      744   27.821     8.6     5.1     980    1005
2522     2260      726   25.414    42.3     6.4     378    1012
2782     2986      788   27.489      13     7.4     502    1012
2651     2216      585    23.46    27.9    10.3     250    1012
1084     1617      599   26.547      18     7.5     437    1012
3576     3131      580   26.261       6     8.2     478    1012
2468     2902      497   23.584      23     9.2     239    1012
2036     1680      965   36.271    59.1     4.7     950    1170
2191     6193     1379   29.353     5.2     4.9     718    1693
 384     6421      535   23.627      -3     8.9     265    1577
