 9.00 	 3.40 	 19.90 	 73.65 	 7.23 	3.313	 97.93 	15.225	 15.60 
 4.46 	 8.20 	 17.00 	 75.45 	 10.42 	8.195	 89.02 	21.048	 23.00 
 5.59 	 17.90 	 19.40 	 80.85 	 7.21 	4.770	 66.88 	16.539	 20.30 
 6.13 	 3.10 	 16.80 	 82.73 	 7.93 	3.808	 54.37 	14.032	 13.40 
 9.65 	 24.00 	 22.80 	 68.97 	 7.35 	5.169	 80.21 	21.290	 23.40 
 7.92 	 14.70 	 17.80 	 88.19 	 7.93 	5.116	 85.61 	19.224	 27.00 
 12.40 	 41.80 	 13.50 	 86.98 	 6.90 	0.850	 79.51 	26.376	 27.20 
 17.39 	 17.50 	 16.70 	 80.33 	 6.26 	6.038	 94.12 	21.695	 21.40 
 16.37 	 12.80 	 13.60 	 29.65 	 8.96 	7.832	 5.73 	25.620	 33.30 
 10.28 	 12.40 	 17.20 	 83.08 	 6.45 	5.636	 31.68 	19.107	 18.30 
 7.33 	 3.20 	 18.30 	 71.01 	 6.67 	4.532	 48.05 	17.377	 19.30 
 14.50 	 21.00 	 18.90 	 33.39 	 5.76 	4.534	 99.90 	21.337	 22.90 
 3.27 	 7.30 	 19.60 	 94.34 	 7.29 	3.566	 82.12 	15.316	 17.70 
 13.40 	 31.60 	 16.70 	 78.32 	 7.77 	4.996	 55.86 	20.496	 21.10 
 8.69 	 12.60 	 17.40 	 90.57 	 6.19 	5.023	 72.63 	17.174	 15.60 
 9.21 	 18.70 	 15.60 	 96.62 	 8.00 	5.215	 99.88 	16.959	 16.90 
 7.48 	 14.90 	 15.00 	 90.07 	 9.60 	4.796	 76.94 	17.988	 21.10 
 8.14 	 9.90 	 17.30 	 92.05 	 9.49 	3.765	 83.50 	15.087	 13.60 
 15.37 	 32.40 	 17.30 	 67.27 	 7.10 	4.349	 47.54 	14.761	 16.10 
 7.26 	 21.50 	 13.90 	 98.37 	 6.89 	5.196	 89.89 	17.167	 18.80 
 12.70 	 17.40 	 16.80 	 70.99 	 7.39 	5.793	 79.81 	22.484	 26.50 
 12.61 	 49.20 	 15.40 	 89.84 	 11.93 	5.758	 88.40 	23.203	 27.20 
 10.51 	 25.20 	 19.80 	 83.44 	 7.27 	5.951	 88.55 	18.711	 17.30 
 9.60 	 25.40 	 17.40 	 94.40 	 5.72 	6.070	 84.05 	19.374	 21.90 
 10.39 	 3.70 	 17.90 	 63.47 	 7.90 	3.289	 39.03 	12.710	 14.80 
 11.94 	 15.70 	 15.60 	 87.67 	 7.83 	4.783	 32.53 	17.656	 17.80 
 5.29 	 15.70 	 15.90 	 92.74 	 8.06 	4.843	 76.15 	15.042	 19.80 
 12.19 	 21.20 	 14.60 	 93.85 	 7.78 	5.257	 99.90 	17.624	 19.00 
 4.35 	 13.10 	 19.40 	 84.28 	 7.26 	5.445	 80.73 	20.123	 15.30 
 9.04 	 26.80 	 16.20 	 98.02 	 8.75 	5.569	 69.90 	20.672	 24.30 
 14.55 	 41.30 	 13.60 	 79.30 	 8.17 	8.839	 99.90 	24.927	 24.80 
 5.85 	 30.80 	 18.10 	 75.64 	 5.44 	4.145	 41.61 	14.440	 20.40 
 14.75 	 40.50 	 14.70 	 74.40 	 5.80 	8.353	 11.98 	23.131	 23.10 
 5.74 	 2.30 	 16.90 	 75.55 	 7.54 	4.852	 75.45 	16.663	 17.40 
 5.99 	 27.10 	 15.50 	 94.52 	 8.66 	4.472	 93.44 	15.324	 18.00 
 12.02 	 19.70 	 17.20 	 87.78 	 7.66 	4.984	 83.51 	18.126	 17.00 
 4.10 	 4.60 	 15.60 	 82.14 	 9.04 	4.193	 87.95 	15.583	 17.80 
 6.19 	 9.80 	 18.00 	 92.79 	 7.82 	5.602	 99.90 	17.435	 20.60 
 16.41 	 30.90 	 16.60 	 88.54 	 6.59 	6.428	 80.36 	19.365	 17.90 
 13.69 	 63.10 	 14.60 	 91.43 	 6.82 	6.117	 51.16 	19.690	 21.30 
 7.42 	 2.30 	 16.80 	 69.03 	 7.21 	4.538	 39.38 	15.420	 16.60 
 6.28 	 20.70 	 15.20 	 91.67 	 7.77 	4.356	 76.95 	15.537	 17.20 
 8.88 	 2.80 	 19.20 	 83.00 	 7.14 	3.479	 93.44 	16.294	 15.90 
 5.53 	 21.00 	 15.40 	 75.20 	 8.22 	4.439	 35.43 	17.218	 20.40 
 2.04 	 3.80 	 25.00 	 93.79 	 5.40 	3.220	 88.69 	14.204	 22.20 
 8.12 	 25.60 	 13.20 	 98.58 	 8.56 	6.559	 89.95 	17.692	 24.30 
 7.48 	 6.20 	 15.70 	 77.45 	 6.34 	5.286	 68.54 	19.997	 24.50 
 7.12 	 10.80 	 20.10 	 88.54 	 6.33 	6.039	 99.90 	19.583	 22.90 
 4.13 	 6.10 	 15.00 	 96.26 	 7.61 	4.867	 69.63 	14.177	 12.30 
 14.38 	 31.80 	 16.20 	 92.25 	 7.19 	6.168	 91.31 	17.720	 17.70 
 1.86 	 31.10 	 14.50 	 94.05 	 7.56 	5.964	 84.14 	17.062	 18.80 

