1345       0
2435       1
1715       1
1461       1
1639       1
1345       0
1602       0
1144       0
1566       1
1496       1
1234       0
1345       0
1345       0
3389       1
1839       1
 981       1
1345       0
1566       0
1187       0
1345       0
1345       0
2167       1
1402       1
2115       1
2218       1
3575       1
1972       1
1234       0
1926       1
2165       0
2365       0
1345       0
1839       0
2613       1
2533       1
1602       0
1839       0
2218       1
1529       0
1461       1
3307       1
3833       1
1839       1
1461       0
1433       1
2115       0
1839       1
1288       1
1288       0
